Date (undefined);px (au);py (au);pz (au);Dobs (au);Phase (deg);VMag (mag);vx (au/d);vy (au/d);vz (au/d);RV (km/s)
2020-01-01T00:00:00.000;-0.063376914555;-0.460840771729;-0.031843475826;0.466266937643;0;-3.91;0.022227817799;-0.002402398219;-0.002235382388;-0.8556711
2020-01-02T00:00:00.000;-0.041067254137;-0.462568717937;-0.034031253385;0.465633401275;0;-3.92;0.022380566865;-0.001051720866;-0.002139024588;-1.3379958
2020-01-03T00:00:00.000;-0.018637250115;-0.462940943505;-0.036119288313;0.464721709471;0;-3.93;0.022468300941;0.000308789266;-0.002035899144;-1.8187954
2020-01-04T00:00:00.000;0.003847660254;-0.461948352598;-0.038100834449;0.463532909881;0;-3.94;0.022490147156;0.001677642361;-0.001926047725;-2.2974844
2020-01-05T00:00:00.000;0.026321079568;-0.459583364727;-0.039969181383;0.462068397344;0;-3.95;0.022445058158;0.003053293274;-0.001809500515;-2.7734446
2020-01-06T00:00:00.000;0.048715473859;-0.455839983141;-0.041717643856;0.460329935408;0;-3.97;0.022331808319;0.004434115194;-0.001686278018;-3.2460159
2020-01-07T00:00:00.000;0.07096199262;-0.450713890417;-0.043339553065;0.458319683487;0;-3.99;0.022148990478;0.005818371498;-0.001556393056;-3.7144859
2020-01-08T00:00:00.000;0.092990285957;-0.444202573287;-0.044828250089;0.456040230027;0;-4.01;0.021895013472;0.007204185368;-0.00141985303;-4.1780794
2020-01-09T00:00:00.000;0.11472831977;-0.436305479159;-0.046177081723;0.453494632138;0;-4.03;0.021568100733;0.008589506712;-0.001276662491;-4.6359469
2020-01-10T00:00:00.000;0.136102190243;-0.427024207256;-0.047379399083;0.450686462221;0;-4.06;0.021166290385;0.009972075928;-0.001126826112;-5.0871514
2020-01-11T00:00:00.000;0.157035939394;-0.416362737785;-0.048428559407;0.447619862208;0;-4.09;0.020687437365;0.011349384009;-0.000970352139;-5.5306555
2020-01-12T00:00:00.000;0.177451374034;-0.404327703048;-0.049317931605;0.444299606096;0;-4.12;0.020129218246;0.01271862848;-0.000807256439;-5.9653054
2020-01-13T00:00:00.000;0.197267891261;-0.390928704916;-0.050040906191;0.440731171512;0;-4.16;0.019489139639;0.014076664654;-0.00063756725;-6.3898156
2020-01-14T00:00:00.000;0.216402314576;-0.376178683596;-0.050590910384;0.436920821155;0;-4.2;0.01876455124;0.01541995173;-0.000461330783;-6.8027503
2020-01-15T00:00:00.000;0.234768745938;-0.360094343076;-0.050961429297;0.432875694929;0;-4.24;0.017952664888;0.016744493283;-0.000278617835;-7.2025046
2020-01-16T00:00:00.000;0.252278440555;-0.342696639031;-0.051146034329;0.428603913654;0;-4.28;0.017050581276;0.018045771821;-0.000089531586;-7.5872833
2020-01-17T00:00:00.000;0.268839713047;-0.324011335233;-0.051138420015;0.424114695186;0;-4.33;0.016055326357;0.019318677234;0.000105783215;-7.9550792
2020-01-18T00:00:00.000;0.284357885878;-0.304069634536;-0.050932450859;0.419418483687;0;-4.37;0.014963899873;0.020557429236;0.000307129462;-8.3036495
2020-01-19T00:00:00.000;0.298735293581;-0.282908890266;-0.050522219854;0.414527092627;0;-4.42;0.013773338952;0.021755494266;0.000514245062;-8.6304917
2020-01-20T00:00:00.000;0.311871359544;-0.260573403069;-0.04990212064;0.40945386179;0;-4.48;0.012480800192;0.022905497911;0.000726788257;-8.9328193
2020-01-21T00:00:00.000;0.323662765775;-0.237115306868;-0.049066935469;0.404213828136;0;-4.53;0.011083664219;0.023999134652;0.00094432065;-9.2075385
2020-01-22T00:00:00.000;0.334003740328;-0.212595545264;-0.048011941365;0.39882390968;0;-4.59;0.009579667185;0.025027077838;0.001166287789;-9.4512267
2020-01-23T00:00:00.000;0.342786491746;-0.187084936126;-0.046733036964;0.393303100665;0;-4.65;0.007967064098;0.025978894179;0.001391997196;-9.6601149
2020-01-24T00:00:00.000;0.349901824895;-0.16066531696;-0.045226892604;0.387672675015;0;-4.72;0.006244829041;0.026842968901;0.001620593885;-9.8300775
2020-01-25T00:00:00.000;0.355239977549;-0.133430756364;-0.043491126061;0.381956393374;0;-4.78;0.004412897185;0.027606450011;0.001851033606;-9.9566306
2020-01-26T00:00:00.000;0.358691721701;-0.105488807101;-0.041524505973;0.37618070689;0;-4.85;0.002472452686;0.028255222895;0.002082054357;-10.0349455
2020-01-27T00:00:00.000;0.36014977683;-0.076961763484;-0.039327184235;0.370374948139;0;-4.91;0.000426264867;0.028773929743;0.002312147135;-10.0598809
2020-01-28T00:00:00.000;0.359510583475;-0.047987869535;-0.036900957417;0.364571496296;0;-4.98;-0.001720927903;0.029146051776;0.002539527439;-10.026041
2020-01-29T00:00:00.000;0.356676482618;-0.018722404648;-0.034249555406;0.358805899803;0;-5.05;-0.003961991886;0.029354075744;0.002762109766;-9.9278657
2020-01-30T00:00:00.000;0.351558337951;0.010661449474;-0.031378952803;0.353116935542;0;-5.12;-0.006286941301;0.029379768925;0.00297748819;-9.7597613
2020-01-31T00:00:00.000;0.344078621583;0.039972081851;-0.028297695048;0.347546579184;0;-5.19;-0.008682472594;0.029204588094;0.003182927055;-9.5162787
2020-02-01T00:00:00.000;0.334174956793;0.068999411418;-0.02501722675;0.342139857599;0;-5.26;-0.011131522611;0.02881024627;0.00337536676;-9.1923441
2020-02-02T00:00:00.000;0.321804071867;0.097515499756;-0.021552204322;0.336944551631;0;-5.32;-0.013612897091;0.028179454932;0.003551450326;-8.7835467
2020-02-03T00:00:00.000;0.306946065593;0.125275996863;-0.017920769136;0.332010717507;0;-5.39;-0.016101029818;0.027296847113;0.003707576731;-8.2864779
2020-02-04T00:00:00.000;0.289608818496;0.15202259558;-0.01414475162;0.327389998803;0;-5.45;-0.018565944454;0.026150066889;0.003839986439;-7.6991144
2020-02-05T00:00:00.000;0.269832308298;0.177486642532;-0.010249772077;0.323134709844;0;-5.51;-0.020973496796;0.024730982955;0.00394488279;-7.0212226
2020-02-06T00:00:00.000;0.247692511802;0.201393994325;-0.006265201791;0.319296686651;0;-5.56;-0.023285970153;0.023036949681;0.004018589661;-6.2547529
2020-02-07T00:00:00.000;0.223304511496;0.223471112881;-0.002223949938;0.315925923437;0;-5.6;-0.025463075994;0.021072002636;0.004057740957;-5.4041797
2020-02-08T00:00:00.000;0.196824391014;0.243452264326;0.00183795079;0.313069040256;0;-5.64;-0.027463372963;0.01884784449;0.004059491345;-4.4767375
2020-02-09T00:00:00.000;0.168449517595;0.261087532198;0.005881973079;0.310767657671;0;-5.68;-0.029246060631;0.016384461449;0.004021731174;-3.4824986
2020-02-10T00:00:00.000;0.13841688681;0.276151198238;0.009867931666;0.309056782676;0;-5.7;-0.030773036475;0.013710220109;0.003943283089;-2.4342508
2020-02-11T00:00:00.000;0.106999350254;0.288449912195;0.013754996992;0.30796333019;0;-5.72;-0.032011038451;0.010861336649;0.003824055204;-1.3471486
2020-02-12T00:00:00.000;0.074499750582;0.297829998475;0.017502830284;0.307504910361;0;-5.72;-0.032933648105;0.007880683955;0.00366512738;-0.2381454
2020-02-13T00:00:00.000;0.041243222962;0.304183259482;0.021072763997;0.307688999108;0;-5.72;-0.033522916871;0.004815997013;0.003468753765;0.8747561
2020-02-14T00:00:00.000;0.007568146903;0.307450744858;0.024428939849;0.30851257748;0;-5.71;-0.033770410702;0.001717633209;0.003238275609;1.973364
2020-02-15T00:00:00.000;-0.026183597083;0.307624152513;0.02753931711;0.309962278274;0;-5.69;-0.033677543088;-0.001363881341;0.00297795131;3.0401777
2020-02-16T00:00:00.000;-0.059676331484;0.304744779132;0.030376477029;0.312015024164;0;-5.66;-0.033255168803;-0.004380255014;0.002692722764;4.0591943
2020-02-17T00:00:00.000;-0.092589538063;0.298900198213;0.032918172989;0.31463909033;0;-5.62;-0.032522516688;-0.007287535218;0.0023879455;5.0165611
2020-02-18T00:00:00.000;-0.124625481657;0.290219065081;0.035147605361;0.317795485458;0;-5.58;-0.031505625099;-0.010047725875;0.002069112977;5.9010198
2020-02-19T00:00:00.000;-0.1555151078;0.278864594658;0.037053429558;0.321439523938;0;-5.53;-0.030235491421;-0.012629815905;0.001741602792;6.704124
2020-02-20T00:00:00.000;-0.185022037968;0.265027313812;0.038629530298;0.325522460379;0;-5.47;-0.028746152347;-0.015010207529;0.001410465577;7.4202425
2020-02-21T00:00:00.000;-0.212944690086;0.248917661288;0.039874611437;0.329993072312;0;-5.41;-0.02707288104;-0.017172609314;0.001080268355;8.0463842
2020-02-22T00:00:00.000;-0.239116712902;0.230758916117;0.040791657957;0.334799102621;0;-5.35;-0.025250634627;-0.019107508364;0.000754995252;8.5818964
2020-02-23T00:00:00.000;-0.263406026513;0.210780808284;0.041387325854;0.339888503315;0;-5.29;-0.023312826131;-0.020811356788;0.000438001318;9.0280877
2020-02-24T00:00:00.000;-0.28571280771;0.189214030573;0.041671308859;0.345210451518;0;-5.22;-0.021290441266;-0.022285603639;0.000132010612;9.3878228
2020-02-25T00:00:00.000;-0.305966757634;0.166285748353;0.041655720871;0.350716133024;0;-5.15;-0.019211479819;-0.023535683429;-0.000160852389;9.6651282
2020-02-26T00:00:00.000;-0.324123954888;0.142216106663;0.041354521857;0.356359306886;0;-5.08;-0.017100675863;-0.024570044373;-0.000439009053;9.8648319
2020-02-27T00:00:00.000;-0.340163544694;0.117215665296;0.040783004544;0.362096676026;0;-5.01;-0.014979439336;-0.025399270828;-0.000701360237;9.992253
2020-02-28T00:00:00.000;-0.354084455806;0.091483651144;0.039957350433;0.367888094566;0;-4.94;-0.012865960296;-0.026035329202;-0.000947215109;10.0529471
2020-02-29T00:00:00.000;-0.365902280571;0.065206898089;0.038894256971;0.373696643965;0;-4.87;-0.010775422634;-0.026490947128;-0.001176220808;10.0525061
2020-03-01T00:00:00.000;-0.375646404632;0.038559342119;0.037610632986;0.379488608381;0;-4.81;-0.008720282975;-0.026779122147;-0.001388296716;9.9964083
2020-03-02T00:00:00.000;-0.383357433397;0.011701947707;0.036123356587;0.385233376296;0;-4.74;-0.006710580389;-0.026912747917;-0.001583575498;9.8899115
2020-03-03T00:00:00.000;-0.389084932868;-0.015217044225;0.034449088185;0.390903291233;0;-4.68;-0.004754251944;-0.026904341804;-0.0017623519;9.7379827
2020-03-04T00:00:00.000;-0.392885481589;-0.042061639464;0.032604130751;0.396473470108;0;-4.62;-0.002857437184;-0.026765856537;-0.001925039422;9.5452548
2020-03-05T00:00:00.000;-0.3948210169;-0.068707460369;0.0306043296;0.401921603658;0;-4.56;-0.001024761018;-0.026508559218;-0.002072134486;9.3160066
2020-03-06T00:00:00.000;-0.394957450761;-0.095041022137;0.028465004557;0.407227749896;0;-4.5;0.000740410627;-0.026142962693;-0.002204187372;9.0541581
2020-03-07T00:00:00.000;-0.393363526523;-0.120958961187;0.02620090813;0.412374128525;0;-4.45;0.002435744622;-0.025678796435;-0.002321779092;8.7632778
2020-03-08T00:00:00.000;-0.390109887101;-0.146367249705;0.023826204216;0.417344921866;0;-4.4;0.004059743829;-0.025125006333;-0.002425503315;8.4465974
2020-03-09T00:00:00.000;-0.385268325839;-0.171180420806;0.021354462692;0.42212608595;0;-4.35;0.005611578117;-0.024489774879;-0.00251595252;8.1070317
2020-03-10T00:00:00.000;-0.378911193391;-0.195320821267;0.018798666067;0.426705174029;0;-4.3;0.007090940849;-0.023780555127;-0.002593707604;7.7472014
2020-03-11T00:00:00.000;-0.3711109365;-0.218717902919;0.016171225077;0.431071173669;0;-4.25;0.008497928065;-0.023004113335;-0.002659330279;7.3694572
2020-03-12T00:00:00.000;-0.361939747401;-0.241307559434;0.013484000718;0.435214357833;0;-4.21;0.009832937561;-0.022166576546;-0.002713357708;6.9759043
2020-03-13T00:00:00.000;-0.351469305349;-0.263031511946;0.010748330737;0.439126149862;0;-4.17;0.011096585079;-0.021273482329;-0.002756298878;6.5684255
2020-03-14T00:00:00.000;-0.339770594446;-0.283836744688;0.007975059036;0.442799001864;0;-4.14;0.012289635096;-0.020329828774;-0.002788632337;6.1487044
2020-03-15T00:00:00.000;-0.326913784341;-0.303674990148;0.005174566801;0.446226285841;0;-4.1;0.013412943901;-0.019340123393;-0.002810804968;5.7182469
2020-03-16T00:00:00.000;-0.312968162555;-0.322502262222;0.002356804438;0.449402196745;0;-4.07;0.014467412941;-0.018308430095;-0.002823231548;5.2784004
2020-03-17T00:00:00.000;-0.298002109058;-0.340278435144;-0.000468676344;0.45232166661;0;-4.05;0.015453950686;-0.017238413713;-0.002826294887;4.830373
2020-03-18T00:00:00.000;-0.282083105354;-0.356966865603;-0.003292690832;0.454980288889;0;-4.02;0.016373441498;-0.016133381848;-0.002820346395;4.3752501
2020-03-19T00:00:00.000;-0.26527777173;-0.372534055325;-0.00610639031;0.457374252176;0;-4;0.017226720234;-0.014996323944;-0.00280570694;3.9140099
2020-03-20T00:00:00.000;-0.2476519275;-0.386949351359;-0.008901232048;0.459500282528;0;-3.98;0.01801455149;-0.013829947666;-0.002782667919;3.4475378
2020-03-21T00:00:00.000;-0.229270670053;-0.400184681453;-0.011668950422;0.46135559368;0;-3.96;0.018737612591;-0.012636712722;-0.002751492463;2.9766394
2020-03-22T00:00:00.000;-0.210198469356;-0.412214322049;-0.014401529293;0.462937844498;0;-3.94;0.019396479575;-0.011418862342;-0.002712416723;2.5020525
2020-03-23T00:00:00.000;-0.190499275253;-0.423014696688;-0.017091175685;0.464245103121;0;-3.93;0.01999161554;-0.01017845265;-0.002665651198;2.0244586
2020-03-24T00:00:00.000;-0.170236635437;-0.432564202845;-0.019730294814;0.465275817297;0;-3.92;0.020523360839;-0.008917380221;-0.00261138209;1.5444925
2020-03-25T00:00:00.000;-0.149473822492;-0.440843065527;-0.022311466473;0.466028790495;0;-3.92;0.020991924717;-0.007637408088;-0.002549772662;1.0627528
2020-03-26T00:00:00.000;-0.128273968718;-0.44783321623;-0.024827422771;0.466503163473;0;-3.91;0.021397378027;-0.006340190513;-0.002480964595;0.5798105
2020-03-27T00:00:00.000;-0.106700207816;-0.453518196162;-0.027271027229;0.466698401031;0;-3.91;0.021739646772;-0.005027296814;-0.002405079339;0.0962182
