Date (undefined);px (au);py (au);pz (au);Dobs (au);Phase (deg);VMag (mag);vx (au/d);vy (au/d);vz (au/d);RV (km/s)
2020-01-01T00:00:00.000;-0.166261612394;0.969134945158;-0.000041061565;0.983293174678;0;-3.93;-0.017239453689;-0.0029800475;4.25431e-7;-0.0384026
2020-01-02T00:00:00.000;-0.183473566893;0.96600409786;-0.000040695141;0.983273343728;0;-3.93;-0.017183550892;-0.003281435807;3.06144e-7;-0.030205
2020-01-03T00:00:00.000;-0.200626930529;0.962572510486;-0.000040451001;0.983258361181;0;-3.93;-0.017122285002;-0.003581511151;1.81688e-7;-0.0216115
2020-01-04T00:00:00.000;-0.217716376697;0.958841544993;-0.000040331827;0.983248458282;0;-3.93;-0.017055729425;-0.003880176463;5.7054e-8;-0.0126133
2020-01-05T00:00:00.000;-0.234736653709;0.954812657667;-0.000040335227;0.983243870799;0;-3.93;-0.016983960918;-0.004177340331;-6.257e-8;-0.0032037
2020-01-06T00:00:00.000;-0.251682589032;0.950487392653;-0.000040453448;0.983244837693;0;-3.93;-0.016907061234;-0.004472918916;-1.71621e-7;0.0066211
2020-01-07T00:00:00.000;-0.268549094644;0.94586737273;-0.000040672945;0.983251597855;0;-3.93;-0.016825117559;-0.004766839488;-2.64085e-7;0.0168561
2020-01-08T00:00:00.000;-0.285331171808;0.940954285946;-0.000040973965;0.98326438333;0;-3.93;-0.016738220748;-0.005059045066;-3.33591e-7;0.0274811
2020-01-09T00:00:00.000;-0.302023912605;0.935749867505;-0.000041330353;0.983283407787;0;-3.93;-0.016646460478;-0.005349498978;-3.738e-7;0.0384512
2020-01-10T00:00:00.000;-0.318622494903;0.930255877912;-0.000041709919;0.983308849949;0;-3.93;-0.016549917019;-0.005638187432;-3.79127e-7;0.0496891
2020-01-11T00:00:00.000;-0.335122167775;0.924474080516;-0.000042075668;0.98334083341;0;-3.93;-0.016448650652;-0.005925117766;-3.45728e-7;0.0610812
2020-01-12T00:00:00.000;-0.351518226226;0.918406223722;-0.000042388069;0.983379406403;0;-3.93;-0.016342691474;-0.006210310726;-2.7253e-7;0.0724817
2020-01-13T00:00:00.000;-0.367805977491;0.912054033848;-0.000042608227;0.983424526617;0;-3.93;-0.016232033374;-0.006493787178;-1.61953e-7;0.0837257
2020-01-14T00:00:00.000;-0.383980704794;0.905419222853;-0.000042701479;0.983476055931;0;-3.93;-0.016116635314;-0.006775552385;-1.999e-8;0.0946499
2020-01-15T00:00:00.000;-0.400037636318;0.898503511051;-0.000042640698;0.983533767422;0;-3.93;-0.015996430248;-0.007055582559;1.4444e-7;0.1051134
2020-01-16T00:00:00.000;-0.415971925863;0.891308660426;-0.000042408662;0.983597363282;0;-3.93;-0.015871338925;-0.007333817524;3.20667e-7;0.1150136
2020-01-17T00:00:00.000;-0.431778647954;0.883836511672;-0.000041999143;0.983666499357;0;-3.93;-0.015741284263;-0.00761016054;4.97585e-7;0.1242929
2020-01-18T00:00:00.000;-0.447452806074;0.87608901846;-0.000041416751;0.983740811213;0;-3.93;-0.015606202834;-0.007884483563;6.64778e-7;0.132938
2020-01-19T00:00:00.000;-0.462989350303;0.868068274921;-0.000040675838;0.983819937831;0;-3.93;-0.015466052122;-0.008156635102;8.13284e-7;0.1409728
2020-01-20T00:00:00.000;-0.478383200258;0.859776534991;-0.000039798795;0.983903541001;0;-3.93;-0.015320814068;-0.008426448328;9.3603e-7;0.1484509
2020-01-21T00:00:00.000;-0.493629270228;0.851216224037;-0.000038814054;0.983991320082;0;-3.93;-0.01517049611;-0.008693748332;0.000001028023;0.1554476
2020-01-22T00:00:00.000;-0.508722494549;0.842389943727;-0.000037753984;0.984083022503;0;-3.93;-0.015015130745;-0.008958358397;0.000001086383;0.162053
2020-01-23T00:00:00.000;-0.523657852002;0.83330047103;-0.000036652796;0.984178450447;0;-3.93;-0.014854774049;-0.009220105506;0.000001110286;0.1683656
2020-01-24T00:00:00.000;-0.53843038823;0.823950752034;-0.000035544565;0.984277463935;0;-3.93;-0.014689503179;-0.009478825183;0.00000110079;0.1744861
2020-01-25T00:00:00.000;-0.553035235139;0.81434389135;-0.000034461474;0.98437998043;0;-3.93;-0.014519412845;-0.009734365424;0.000001060567;0.1805118
2020-01-26T00:00:00.000;-0.567467626325;0.804483138205;-0.00003343238;0.984485971307;0;-3.93;-0.014344610951;-0.009986589306;9.93529e-7;0.1865315
2020-01-27T00:00:00.000;-0.581722907943;0.794371870732;-0.000032481778;0.984595455855;0;-3.93;-0.014165213961;-0.01023537597;9.04422e-7;0.1926218
2020-01-28T00:00:00.000;-0.595796545093;0.784013580095;-0.000031629167;0.98470849388;0;-3.93;-0.013981342678;-0.010480619994;7.98429e-7;0.1988463
2020-01-29T00:00:00.000;-0.609684124469;0.7734118559;-0.000030888779;0.984825178106;0;-3.93;-0.013793119072;-0.010722229544;6.80859e-7;0.2052558
2020-01-30T00:00:00.000;-0.62338135452;0.762570373792;-0.000030269562;0.984945627466;0;-3.93;-0.013600664512;-0.010960123968;5.56949e-7;0.2118907
2020-01-31T00:00:00.000;-0.63688406455;0.751492885452;-0.000029775292;0.985069982006;0;-3.93;-0.013404099387;-0.011194231515;4.31807e-7;0.2187843
2020-02-01T00:00:00.000;-0.65018820405;0.740183210543;-0.000029404685;0.985198399674;0;-3.92;-0.013203543881;-0.011424487811;3.10457e-7;0.2259657
2020-02-02T00:00:00.000;-0.663289843168;0.7286452296;-0.000029151428;0.985331054782;0;-3.92;-0.01299911939;-0.011650835558;1.97963e-7;0.2334627
2020-02-03T00:00:00.000;-0.676185174684;0.716882876479;-0.000029004061;0.985468137431;0;-3.92;-0.012790949982;-0.011873225753;9.9573e-8;0.2413023
2020-02-04T00:00:00.000;-0.68887051711;0.704900128774;-0.000028945742;0.985609852694;0;-3.92;-0.012579163051;-0.012091620533;2.0813e-8;0.2495087
2020-02-05T00:00:00.000;-0.701342317641;0.692700994655;-0.000028953977;0.985756417859;0;-3.92;-0.012363888166;-0.012305997399;-3.2572e-8;0.2580988
2020-02-06T00:00:00.000;-0.713597152573;0.68028949511;-0.000029000535;0.985908055631;0;-3.92;-0.012145252966;-0.012516353968;-5.4927e-8;0.2670728
2020-02-07T00:00:00.000;-0.725631721747;0.667669641892;-0.000029051839;0.986064981202;0;-3.92;-0.011923375261;-0.012722711429;-4.1361e-8;0.2764023
2020-02-08T00:00:00.000;-0.737442833254;0.654845413765;-0.000029070216;0.986227382043;0;-3.92;-0.011698351636;-0.012925113973;1.1229e-8;0.2860177
2020-02-09T00:00:00.000;-0.749027375921;0.641820736568;-0.00002901629;0.98639539162;0;-3.92;-0.011470245038;-0.013123621332;1.02959e-7;0.2958011
2020-02-10T00:00:00.000;-0.760382280805;0.628599474726;-0.000028852476;0.986569061658;0;-3.92;-0.011239076151;-0.013318293474;2.3002e-7;0.3055892
2020-02-11T00:00:00.000;-0.771504478264;0.615185440936;-0.000028547071;0.986748340529;0;-3.92;-0.011004823936;-0.013509170417;3.84512e-7;0.3151914
2020-02-12T00:00:00.000;-0.782390861324;0.601582425748;-0.000028077996;0.986933065431;0;-3.92;-0.01076743762;-0.013696253958;5.55325e-7;0.3244186
2020-02-13T00:00:00.000;-0.793038265631;0.587794241352;-0.000027435186;0.98712297191;0;-3.92;-0.010526856884;-0.013879498456;7.29865e-7;0.3331123
2020-02-14T00:00:00.000;-0.803443470665;0.573824768625;-0.000026621098;0.987317718037;0;-3.92;-0.010283032869;-0.014058813535;8.95984e-7;0.3411647
2020-02-15T00:00:00.000;-0.813603219382;0.559677996506;-0.000025649463;0.987516915814;0;-3.91;-0.01003594316;-0.014234075847;0.000001043469;0.3485237
2020-02-16T00:00:00.000;-0.823514248518;0.545358047522;-0.000024542918;0.987720161843;0;-3.91;-0.009785598095;-0.014405144008;0.000001164782;0.3551863
2020-02-17T00:00:00.000;-0.833173321382;0.530869188998;-0.00002333025;0.987927062001;0;-3.91;-0.009532039923;-0.014571871664;0.000001255134;0.3611855
2020-02-18T00:00:00.000;-0.842577257617;0.516215833181;-0.000022043782;0.988137248547;0;-3.91;-0.009275338156;-0.014734116458;0.00000131217;0.3665776
2020-02-19T00:00:00.000;-0.851722957689;0.501402530451;-0.000020717157;0.988350390614;0;-3.91;-0.009015584034;-0.014891745063;0.00000133553;0.3714326
2020-02-20T00:00:00.000;-0.860607422096;0.486433958929;-0.000019383557;0.988566199979;0;-3.91;-0.008752885679;-0.015044635587;0.000001326438;0.3758274
2020-02-21T00:00:00.000;-0.869227766288;0.471314912436;-0.000018074287;0.988784433887;0;-3.91;-0.008487364338;-0.015192678643;0.000001287372;0.3798421
2020-02-22T00:00:00.000;-0.877581232282;0.456050287681;-0.000016817659;0.98900489606;0;-3.91;-0.008219151455;-0.015335777932;0.000001221806;0.3835571
2020-02-23T00:00:00.000;-0.885665197572;0.440645070951;-0.000015638104;0.989227436431;0;-3.91;-0.007948386142;-0.015473850653;0.000001133985;0.3870517
2020-02-24T00:00:00.000;-0.893477181585;0.425104324504;-0.000014555517;0.989451949787;0;-3.91;-0.007675212765;-0.015606827679;0.000001028703;0.3904017
2020-02-25T00:00:00.000;-0.901014849759;0.409433172961;-0.000013584813;0.989678373408;0;-3.91;-0.007399778598;-0.015734653339;9.1109e-7;0.3936781
2020-02-26T00:00:00.000;-0.908276015358;0.39363679017;-0.000012735695;0.989906683891;0;-3.9;-0.007122231714;-0.015857284686;7.86411e-7;0.3969461
2020-02-27T00:00:00.000;-0.915258639431;0.377720387047;-0.000012012599;0.99013689356;0;-3.9;-0.006842719394;-0.015974690322;6.5991e-7;0.4002642
2020-02-28T00:00:00.000;-0.921960829502;0.361689200698;-0.000011414774;0.990369046956;0;-3.9;-0.006561387236;-0.016086849052;5.36713e-7;0.4036855
2020-02-29T00:00:00.000;-0.928380837778;0.345548484811;-0.000010936412;0.990603217957;0;-3.9;-0.006278379039;-0.016193748763;4.21803e-7;0.4072589
2020-03-01T00:00:00.000;-0.934517059541;0.329303500883;-0.000010566782;0.990839507882;0;-3.9;-0.00599383728;-0.016295385955;3.20055e-7;0.4110308
2020-03-02T00:00:00.000;-0.940368032187;0.312959509423;-0.000010290305;0.991078044658;0;-3.9;-0.005707903801;-0.016391766308;2.363e-7;0.4150472
2020-03-03T00:00:00.000;-0.945932434781;0.296521759962;-0.000010086578;0.991318982671;0;-3.9;-0.005420720077;-0.01648290651;1.75359e-7;0.4193537
2020-03-04T00:00:00.000;-0.951209087342;0.279995478621;-0.000009930399;0.991562502311;0;-3.9;-0.005132426203;-0.016568837291;1.41977e-7;0.4239941
2020-03-05T00:00:00.000;-0.956196948023;0.263385852229;-0.000009791962;0.991808807513;0;-3.9;-0.004843157551;-0.01664960712;1.40556e-7;0.4290049
2020-03-06T00:00:00.000;-0.96089510538;0.246698008959;-0.00000963745;0.992058118893;0;-3.89;-0.004553038139;-0.016725285169;1.74592e-7;0.4344053
2020-03-07T00:00:00.000;-0.965302762213;0.229936997308;-0.000009430363;0.992310659802;0;-3.89;-0.004262170508;-0.016795961173;2.45781e-7;0.4401829
2020-03-08T00:00:00.000;-0.969419208113;0.213107768045;-0.000009133864;0.992566633503;0;-3.89;-0.003970623721;-0.016861739146;3.52915e-7;0.4462782
2020-03-09T00:00:00.000;-0.973243780735;0.196215166456;-0.000008714195;0.992826192424;0;-3.89;-0.003678423756;-0.016922722956;4.90925e-7;0.4525738
2020-03-10T00:00:00.000;-0.976775821203;0.179263942661;-0.000008144744;0.993089404884;0;-3.89;-0.003385552391;-0.016978995262;6.50638e-7;0.4588978
2020-03-11T00:00:00.000;-0.980014634681;0.162258783744;-0.0000074098;0.993356228725;0;-3.89;-0.003091958992;-0.017030596424;8.19671e-7;0.4650444
2020-03-12T00:00:00.000;-0.982959468804;0.145204363151;-0.000006506856;0.993626501474;0;-3.89;-0.00279758354;-0.017077512522;9.8439e-7;0.470809
2020-03-13T00:00:00.000;-0.985609517471;0.128105394787;-0.000005446677;0.993899951269;0;-3.89;-0.002502382579;-0.017119678264;0.000001132251;0.4760225
2020-03-14T00:00:00.000;-0.987963947754;0.110966677314;-0.000004251241;0.994176224597;0;-3.89;-0.002206348082;-0.017156992734;0.00000125359;0.4805733
2020-03-15T00:00:00.000;-0.990021939698;0.093793119471;-0.000002950388;0.994454921227;0;-3.88;-0.001909514121;-0.017189340065;0.000001342388;0.4844104
2020-03-16T00:00:00.000;-0.991782727139;0.076589745725;-0.000001578211;0.994735626689;0;-3.88;-0.001611952928;-0.017216607073;0.000001396056;0.4875329
2020-03-17T00:00:00.000;-0.993245631413;0.059361687605;-1.69977e-7;0.99501793666;0;-3.88;-0.001313765562;-0.017238694009;0.000001414696;0.4899742
2020-03-18T00:00:00.000;-0.994410085161;0.042114167711;0.000001240138;0.995301472215;0;-3.88;-0.001015072073;-0.017255518749;0.000001400261;0.4917868
2020-03-19T00:00:00.000;-0.99527564725;0.024852481868;0.000002620549;0.995585887742;0;-3.88;-0.000716003819;-0.017267016746;0.000001355879;0.4930321
2020-03-20T00:00:00.000;-0.995842011392;0.007581982423;0.000003943185;0.995870874223;0;-3.88;-0.00041669853;-0.017273139142;0.000001285396;0.4937748
2020-03-21T00:00:00.000;-0.996109011025;-0.009691936363;0.000005184069;0.996156160199;0;-3.88;-0.000117297618;-0.017273850657;0.000001193123;0.4940801
2020-03-22T00:00:00.000;-0.99607662225;-0.026963851058;0.000006323707;0.99644151193;0;-3.88;0.000182055148;-0.017269128042;0.000001083701;0.4940134
2020-03-23T00:00:00.000;-0.995744965795;-0.044228320623;0.000007347381;0.996726733516;0;-3.87;0.000481214386;-0.017258959253;9.62028e-7;0.4936404
2020-03-24T00:00:00.000;-0.995114308297;-0.061479897443;0.000008245367;0.997011667151;0;-3.87;0.000780033784;-0.017243343176;8.33184e-7;0.4930273
2020-03-25T00:00:00.000;-0.99418506282;-0.078713138238;0.000009013084;0.997296193388;0;-3.87;0.001078366966;-0.0172222896;7.02357e-7;0.4922407
2020-03-26T00:00:00.000;-0.992957788401;-0.095922614943;0.000009651148;0.997580231208;0;-3.87;0.001376068536;-0.017195819154;5.74738e-7;0.491347
2020-03-27T00:00:00.000;-0.991433188535;-0.113102925449;0.000010165329;0.997863737781;0;-3.87;0.001672995147;-0.017163963076;4.55425e-7;0.4904119
2020-03-28T00:00:00.000;-0.98961210865;-0.130248704044;0.000010566406;0.998146707956;0;-3.87;0.001969006411;-0.017126762868;3.49331e-7;0.4895002
2020-03-29T00:00:00.000;-0.987495532804;-0.147354631519;0.000010869953;0.99842917368;0;-3.87;0.00226396554;-0.01708427002;2.6112e-7;0.4886756
2020-03-30T00:00:00.000;-0.985084579841;-0.164415445174;0.000011096067;0.998711203589;0;-3.87;0.002557739834;-0.017036546132;1.95164e-7;0.4880016
2020-03-31T00:00:00.000;-0.982380499013;-0.181425949236;0.000011269042;0.99899290289;0;-3.86;0.002850201329;-0.016983663656;1.55477e-7;0.4875413
2020-04-01T00:00:00.000;-0.979384664627;-0.198381026392;0.000011416963;0.999274413297;0;-3.86;0.003141228219;-0.016925707352;1.45593e-7;0.4873578
2020-04-02T00:00:00.000;-0.976098568575;-0.215275650993;0.000011571107;0.999555912203;0;-3.86;0.003430707806;-0.016862776093;1.68307e-7;0.487511
2020-04-03T00:00:00.000;-0.97252380883;-0.232104903895;0.000011764994;0.99983760946;0;-3.86;0.003718541715;-0.016794984091;2.25213e-7;0.488052
2020-04-04T00:00:00.000;-0.968662071443;-0.248863987525;0.00001203286;1.000119739373;0;-3.86;0.004004653635;-0.016722459792;3.16015e-7;0.4890121
2020-04-05T00:00:00.000;-0.964515103908;-0.265548237736;0.000012407352;1.000402545171;0;-3.86;0.004288998533;-0.016645340129;4.37692e-7;0.4903882
2020-04-06T00:00:00.000;-0.960084679749;-0.282153126727;0.000012916422;1.000686254216;0;-3.86;0.004571570267;-0.016563758242;5.83787e-7;0.492126
2020-04-07T00:00:00.000;-0.955372558333;-0.298674250486;0.000013579748;1.000971045188;0;-3.86;0.004852402643;-0.016477825188;7.4426e-7;0.4941104
2020-04-08T00:00:00.000;-0.950380448932;-0.315107296729;0.000014405484;1.001257013145;0;-3.85;0.005131559317;-0.016387610407;9.06336e-7;0.4961693
2020-04-09T00:00:00.000;-0.94510999082;-0.331447996082;0.000015388389;1.001544142358;0;-3.85;0.005409112349;-0.016293129196;0.000001056378;0.4980963
2020-04-10T00:00:00.000;-0.93956275803;-0.347692067369;0.000016510137;1.001832296475;0;-3.85;0.005685115918;-0.016194344198;0.00000118224;0.4996864
2020-04-11T00:00:00.000;-0.933740288504;-0.363835171867;0.000017741842;1.002121229681;0;-3.85;0.005959585483;-0.016091181172;0.00000127518;0.5007704
2020-04-12T00:00:00.000;-0.927644128052;-0.379872887671;0.000019047961;1.0024106142;0;-3.85;0.00623248966;-0.015983551861;0.000001330658;0.5012355
2020-04-13T00:00:00.000;-0.921275875769;-0.395800706497;0.000020390411;1.002700074276;0;-3.85;0.00650375484;-0.015871374613;0.000001348005;0.5010274
2020-04-14T00:00:00.000;-0.914637220652;-0.411614047353;0.000021731965;1.002989217217;0;-3.85;0.006773277046;-0.01575458702;0.000001329406;0.5001393
2020-04-15T00:00:00.000;-0.907729965421;-0.427308278511;0.000023038534;1.003277656254;0;-3.85;0.007040934776;-0.01563315014;0.000001278781;0.4985958
2020-04-16T00:00:00.000;-0.900556038733;-0.442878740565;0.00002428043;1.003565024467;0;-3.84;0.007306598995;-0.015507047024;0.000001200889;0.4964389
2020-04-17T00:00:00.000;-0.893117499367;-0.458320766541;0.000025432902;1.003850981653;0;-3.84;0.007570139193;-0.015376278767;0.00000110078;0.493718
2020-04-18T00:00:00.000;-0.885416536088;-0.47362969783;0.000026476276;1.004135216864;0;-3.84;0.00783142615;-0.015240860393;9.83536e-7;0.4904845
2020-04-19T00:00:00.000;-0.877455465923;-0.488800896455;0.00002739594;1.004417448975;0;-3.84;0.008090332551;-0.015100817731;8.542e-7;0.4867901
2020-04-20T00:00:00.000;-0.869236732408;-0.503829754873;0.00002818232;1.004697426919;0;-3.84;0.008346732591;-0.014956185647;7.17809e-7;0.4826874
2020-04-21T00:00:00.000;-0.860762904388;-0.518711704646;0.000028830893;1.004974930503;0;-3.84;0.008600501373;-0.014807007487;5.79434e-7;0.478231
2020-04-22T00:00:00.000;-0.852036675281;-0.533442225038;0.000029342233;1.005249772116;0;-3.84;0.008851514653;-0.014653335418;4.44203e-7;0.4734793
2020-04-23T00:00:00.000;-0.843060862305;-0.548016852205;0.00002972206;1.005521799234;0;-3.84;0.009099649192;-0.014495231219;3.17261e-7;0.4684955
2020-04-24T00:00:00.000;-0.833838405021;-0.562431189251;0.000029981209;1.005790897369;0;-3.83;0.009344783758;-0.014332767145;2.03679e-7;0.4633483
2020-04-25T00:00:00.000;-0.824372362607;-0.576680917042;0.000030135492;1.006056993027;0;-3.83;0.009586800644;-0.014166026542;1.08311e-7;0.4581108
2020-04-26T00:00:00.000;-0.81466590943;-0.590761805441;0.000030205397;1.006320056278;0;-3.83;0.009825587496;-0.013995104071;3.5624e-8;0.4528604
2020-04-27T00:00:00.000;-0.804722328739;-0.604669724588;0.000030215609;1.006580102683;0;-3.83;0.010061039237;-0.013820105596;-1.0481e-8;0.4476772
2020-04-28T00:00:00.000;-0.79454500439;-0.618400655948;0.000030194356;1.006837194481;0;-3.83;0.010293060076;-0.013641147843;-2.6854e-8;0.4426424
2020-04-29T00:00:00.000;-0.784137410485;-0.631950702974;0.000030172555;1.007091440944;0;-3.83;0.010521565734;-0.013458357992;-1.1306e-8;0.4378374
2020-04-30T00:00:00.000;-0.773503098501;-0.645316101284;0.000030182725;1.007342997632;0;-3.83;0.01074648629;-0.013271873068;3.7132e-8;0.4333407
2020-05-01T00:00:00.000;-0.762645681117;-0.658493227953;0.000030257604;1.007592063834;0;-3.83;0.010967769999;-0.013081838643;1.17859e-7;0.4292241
2020-05-02T00:00:00.000;-0.751568811668;-0.671478608754;0.00003042836;1.007838876811;0;-3.83;0.011185388178;-0.012888405838;2.28256e-7;0.4255459
2020-05-03T00:00:00.000;-0.740276158452;-0.684268920993;0.000030722336;1.008083700867;0;-3.83;0.011399340406;-0.012691725266;3.63221e-7;0.4223395
2020-05-04T00:00:00.000;-0.728771374438;-0.69686098828;0.000031160385;1.008326809203;0;-3.82;0.011609658051;-0.012491936875;5.14848e-7;0.4195997
2020-05-05T00:00:00.000;-0.717058065593;-0.709251763174;0.000031754076;1.008568457768;0;-3.82;0.011816402945;-0.012289156117;6.7255e-7;0.4172702
2020-05-06T00:00:00.000;-0.705139764293;-0.721438295328;0.00003250337;1.008808853157;0;-3.82;0.012019658134;-0.012083459545;8.23907e-7;0.4152363
2020-05-07T00:00:00.000;-0.693019916356;-0.733417687243;0.000033395538;1.009048120529;0;-3.82;0.01221951017;-0.011874875497;9.56277e-7;0.4133332
2020-05-08T00:00:00.000;-0.680701888488;-0.745187045688;0.000034405931;1.009286280119;0;-3.82;0.01241602706;-0.01166338543;0.000001058798;0.4113672
2020-05-09T00:00:00.000;-0.668188996783;-0.756743440613;0.000035500672;1.009523239749;0;-3.82;0.01260923959;-0.011448937308;0.00000112409;0.409148
2020-05-10T00:00:00.000;-0.655484549191;-0.768083881754;0.000036640609;1.00975880535;0;-3.82;0.012799132888;-0.011231466396;0.00000114902;0.4065171
2020-05-11T00:00:00.000;-0.642591890325;-0.779205316434;0.00003778549;1.009992704972;0;-3.82;0.012985649919;-0.011010915531;0.00000113439;0.4033649
2020-05-12T00:00:00.000;-0.629514438274;-0.790104644569;0.000038897412;1.010224618032;0;-3.82;0.013168703026;-0.010787248574;0.000001083893;0.3996317
2020-05-13T00:00:00.000;-0.616255708352;-0.800778742824;0.000039943093;1.010454202144;0;-3.81;0.013348187584;-0.010560455341;0.000001002878;0.3952997
2020-05-14T00:00:00.000;-0.602819324138;-0.811224490181;0.000040894989;1.010681113258;0;-3.81;0.013523993226;-0.01033055002;8.97333e-7;0.3903787
2020-05-15T00:00:00.000;-0.589209019338;-0.821438790047;0.000041731579;1.01090501829;0;-3.81;0.01369601088;-0.010097566374;7.73246e-7;0.384895
2020-05-16T00:00:00.000;-0.575428634639;-0.831418587143;0.000042437203;1.011125601699;0;-3.81;0.013864135909;-0.009861552453;6.36325e-7;0.3788821
2020-05-17T00:00:00.000;-0.561482112901;-0.841160879558;0.000043001748;1.011342568201;0;-3.81;0.014028268527;-0.009622566368;4.91959e-7;0.3723761
2020-05-18T00:00:00.000;-0.547373494735;-0.850662727369;0.000043420358;1.011555643728;0;-3.81;0.014188312781;-0.009380673707;3.45305e-7;0.3654143
2020-05-19T00:00:00.000;-0.533106915402;-0.859921259529;0.000043693279;1.011764576247;0;-3.81;0.014344175094;-0.009135946601;2.01419e-7;0.3580359
2020-05-20T00:00:00.000;-0.518686603054;-0.868933680517;0.000043825804;1.011969137497;0;-3.81;0.014495763129;-0.008888464153;6.536e-8;0.3502846
2020-05-21T00:00:00.000;-0.504116877746;-0.877697277948;0.000043828301;1.012169126217;0;-3.81;0.01464298545;-0.008638313805;-5.7792e-8;0.3422108
2020-05-22T00:00:00.000;-0.489402150252;-0.886209431788;0.000043716202;1.012364372927;0;-3.81;0.014785752289;-0.008385593135;-1.63006e-7;0.3338743
2020-05-23T00:00:00.000;-0.474546919524;-0.894467625354;0.000043509871;1.012554745942;0;-3.81;0.014923977474;-0.0081304115;-2.45488e-7;0.3253464
2020-05-24T00:00:00.000;-0.459555767696;-0.902469457647;0.000043234242;1.012740157927;0;-3.81;0.015057581384;-0.007872891;-3.00949e-7;0.3167093
2020-05-25T00:00:00.000;-0.444433351776;-0.910212656137;0.000042918141;1.01292057211;0;-3.8;0.015186494524;-0.007613166352;-3.25947e-7;0.3080554
2020-05-26T00:00:00.000;-0.429184391646;-0.917695088793;0.000042593272;1.013096007218;0;-3.8;0.015310661256;-0.007351383511;-3.18223e-7;0.2994841
2020-05-27T00:00:00.000;-0.413813654457;-0.924914774131;0.000042292874;1.013266540358;0;-3.8;0.015430043224;-0.007087697103;-2.77019e-7;0.2910973
2020-05-28T00:00:00.000;-0.398325935862;-0.931869888188;0.000042050081;1.01343230729;0;-3.8;0.015544622211;-0.006822266891;-2.03339e-7;0.2829953
2020-05-29T00:00:00.000;-0.38272603871;-0.938558767543;0.000041896054;1.01359349968;0;-3.8;0.015654402376;-0.006555253399;-1.00153e-7;0.2752705
2020-05-30T00:00:00.000;-0.367018749836;-0.944979907512;0.000041857945;1.013750358858;0;-3.8;0.015759411785;-0.006286812603;2.7471e-8;0.2680012
2020-05-31T00:00:00.000;-0.351208815783;-0.951131954446;0.000041956762;1.013903165402;0;-3.8;0.015859702922;-0.006017089385;1.72327e-7;0.2612436
2020-06-01T00:00:00.000;-0.335300918891;-0.957013690775;0.000042205293;1.014052223665;0;-3.8;0.015955351253;-0.005746209595;3.25216e-7;0.2550221
2020-06-02T00:00:00.000;-0.319299656342;-0.962624011596;0.000042606299;1.014197840688;0;-3.8;0.016046450478;-0.005474271256;4.75399e-7;0.2493202
2020-06-03T00:00:00.000;-0.303209526176;-0.967961892756;0.000043151378;1.014340300123;0;-3.8;0.016133103221;-0.00520133677;6.11467e-7;0.2440727
2020-06-04T00:00:00.000;-0.287034924938;-0.973026352865;0.000043820905;1.014479833917;0;-3.8;0.01621540727;-0.004927429134;7.22625e-7;0.2391663
2020-06-05T00:00:00.000;-0.270780160387;-0.977816414827;0.000044585372;1.014616596726;0;-3.8;0.016293439822;-0.004652535152;8.00134e-7;0.2344494
2020-06-06T00:00:00.000;-0.254449479117;-0.982331074588;0.000045408088;1.014750648971;0;-3.8;0.016367244264;-0.004376616511;8.38524e-7;0.2297511
2020-06-07T00:00:00.000;-0.238047104189;-0.986569283957;0.000046248788;1.014881952741;0;-3.8;0.016436823962;-0.004099626174;8.36142e-7;0.2249056
2020-06-08T00:00:00.000;-0.221577274568;-0.990529950411;0.000047067383;1.015010380972;0;-3.8;0.016502144828;-0.003821525008;7.94887e-7;0.2197729
2020-06-09T00:00:00.000;-0.205044278285;-0.99421195153;0.00004782711;1.0151357362;0;-3.79;0.016563144739;-0.003542293808;7.19332e-7;0.2142503
2020-06-10T00:00:00.000;-0.188452474461;-0.9976141581;0.000048496645;1.015257773141;0;-3.79;0.016619745634;-0.003261938493;6.15594e-7;0.2082744
2020-06-11T00:00:00.000;-0.171806303618;-1.000735459234;0.000049051127;1.0153762198;0;-3.79;0.016671864317;-0.002980489279;4.90342e-7;0.2018147
2020-06-12T00:00:00.000;-0.155110288812;-1.003574784652;0.000049472346;1.015490793918;0;-3.79;0.016719419812;-0.002697996283;3.50126e-7;0.1948644
2020-06-13T00:00:00.000;-0.138369031325;-1.006131121877;0.000049748431;1.015601213919;0;-3.79;0.01676233696;-0.002414524107;2.0105e-7;0.1874314
2020-06-14T00:00:00.000;-0.121587204327;-1.008403528248;0.000049873363;1.015707205117;0;-3.79;0.016800547078;-0.002130147126;4.8715e-8;0.1795308
2020-06-15T00:00:00.000;-0.104769546854;-1.01039113899;0.000049846514;1.015808502712;0;-3.79;0.016833986839;-0.001844946358;-1.01667e-7;0.1711811
2020-06-16T00:00:00.000;-0.087920859353;-1.012093173022;0.000049672342;1.015904853248;0;-3.79;0.016862596434;-0.0015590081;-2.45111e-7;0.1624031
2020-06-17T00:00:00.000;-0.071046001057;-1.013508938263;0.000049360243;1.015996016056;0;-3.79;0.016886317862;-0.001272424231;-3.767e-7;0.1532208
2020-06-18T00:00:00.000;-0.054149888735;-1.014637837933;0.000048924536;1.016081765907;0;-3.79;0.016905094005;-0.000985293828;-4.91505e-7;0.1436643
2020-06-19T00:00:00.000;-0.037237495726;-1.015479378923;0.000048384462;1.016161897754;0;-3.79;0.016918869038;-0.000697725609;-5.8463e-7;0.133774
2020-06-20T00:00:00.000;-0.020313849764;-1.016033182765;0.000047764065;1.01623623398;0;-3.79;0.016927590507;-0.000409840534;-6.51409e-7;0.1236052
2020-06-21T00:00:00.000;-0.003384027815;-1.016298998897;0.000047091794;1.016304633966;0;-3.79;0.01693121318;-0.000121773661;-6.87773e-7;0.1132311
2020-06-22T00:00:00.000;0.013546853674;-1.016276719035;0.000046399674;1.016367005097;0;-3.79;0.016929704297;0.000166325664;-6.90728e-7;0.1027448
2020-06-23T00:00:00.000;0.03047365414;-1.015966390568;0.00004572196;1.016423313611;0;-3.79;0.016923049338;0.00045429604;-6.5889e-7;0.0922564
2020-06-24T00:00:00.000;0.047391229787;-1.015368226389;0.00004509329;1.016473593289;0;-3.79;0.016911257082;0.000741968871;-5.92944e-7;0.0818884
2020-06-25T00:00:00.000;0.064294458636;-1.014482608735;0.000044546461;1.016517950073;0;-3.79;0.016894362703;0.001029175354;-4.95913e-7;0.0717667
2020-06-26T00:00:00.000;0.081178267341;-1.013310085409;0.000044110056;1.016556561253;0;-3.79;0.016872428124;0.001315754526;-3.73178e-7;0.0620107
2020-06-27T00:00:00.000;0.098037656924;-1.011851357956;0.000043806194;1.01658966879;0;-3.79;0.016845539541;0.00160156111;-2.32229e-7;0.0527233
2020-06-28T00:00:00.000;0.114867724786;-1.010107262485;0.000043648636;1.016617567145;0;-3.79;0.016813802544;0.001886472239;-8.2199e-8;0.0439821
2020-06-29T00:00:00.000;0.131663680892;-1.008078744585;0.000043641442;1.016640586469;0;-3.79;0.016777335448;0.002170392528;6.6762e-8;0.0358321
2020-06-30T00:00:00.000;0.14842085658;-1.005766830079;0.000043778326;1.016659072193;0;-3.79;0.016736261234;0.00245325725;2.04243e-7;0.0282805
2020-07-01T00:00:00.000;0.165134704714;-1.003172593714;0.000044042811;1.016673362206;0;-3.79;0.016690698382;0.002735033204;3.20423e-7;0.0212937
2020-07-02T00:00:00.000;0.181800790323;-1.000297128425;0.000044409266;1.016683763256;0;-3.79;0.016640751101;0.003015716572;4.06967e-7;0.0147979
2020-07-03T00:00:00.000;0.198414771624;-0.997141518533;0.000044844829;1.016690528918;0;-3.79;0.01658650016;0.003295327107;4.57866e-7;0.0086841
2020-07-04T00:00:00.000;0.21497237293;-0.99370682063;0.000045312052;1.01669384209;0;-3.79;0.016527996165;0.003573898687;4.70033e-7;0.0028186
2020-07-05T00:00:00.000;0.231469352877;-0.989994055225;0.000045771965;1.016693804839;0;-3.79;0.01646525717;0.003851467576;4.43505e-7;-0.0029421
2020-07-06T00:00:00.000;0.247901472842;-0.986004210254;0.000046187097;1.016690437158;0;-3.79;0.016398271466;0.00412806089;3.81153e-7;-0.0087361
2020-07-07T00:00:00.000;0.264264470456;-0.981738254915;0.000046523993;1.016683684178;0;-3.79;0.016327004704;0.00440368788;2.88008e-7;-0.0146829
2020-07-08T00:00:00.000;0.280554041535;-0.97719716006;0.000046754951;1.016673429394;0;-3.79;0.01625140917;0.004678335667;1.70393e-7;-0.0208758
2020-07-09T00:00:00.000;0.296765831263;-0.972381920578;0.000046858889;1.016659510489;0;-3.79;0.016171432648;0.004951969386;3.5102e-8;-0.0273802
2020-07-10T00:00:00.000;0.31289543325;-0.967293575931;0.000046821488;1.016641734525;0;-3.79;0.016087025055;0.005224535467;-1.11207e-7;-0.0342376
2020-07-11T00:00:00.000;0.328938393759;-0.961933226592;0.000046634869;1.016619890365;0;-3.79;0.015998142168;0.00549596625;-2.62351e-7;-0.0414707
2020-07-12T00:00:00.000;0.344890218299;-0.956302045848;0.000046297051;1.016593757464;0;-3.79;0.015904746696;0.00576618443;-4.12714e-7;-0.0490902
2020-07-13T00:00:00.000;0.360746378283;-0.950401287684;0.000045811414;1.01656311126;0;-3.79;0.0158068075;0.006035106331;-5.57168e-7;-0.0571001
2020-07-14T00:00:00.000;0.376502316346;-0.944232292169;0.000045186285;1.016527726051;0;-3.79;0.015704297833;0.006302643597;-6.90917e-7;-0.0655008
2020-07-15T00:00:00.000;0.392153449767;-0.937796490005;0.000044434695;1.016487376608;0;-3.79;0.015597193449;0.006568703186;-8.09319e-7;-0.0742902
2020-07-16T00:00:00.000;0.407695172249;-0.931095407855;0.000043574294;1.016441839902;0;-3.79;0.015485471313;0.006833185846;-9.07776e-7;-0.0834624
2020-07-17T00:00:00.000;0.423122854989;-0.924130675826;0.000042627309;1.016390898342;0;-3.79;0.015369109599;0.007095983425;-9.81742e-7;-0.0930036
2020-07-18T00:00:00.000;0.438431848677;-0.916904037974;0.000041620415;1.016334345833;0;-3.79;0.01524808963;0.007356975639;-0.00000102691;-0.1028866
2020-07-19T00:00:00.000;0.453617488577;-0.909417365897;0.000040584325;1.016271997541;0;-3.79;0.01512240015;0.007616027346;-0.000001039607;-0.1130638
2020-07-20T00:00:00.000;0.468675105056;-0.901672674229;0.000039552859;1.016203703553;0;-3.79;0.014992043874;0.007872987725;-0.000001017396;-0.1234612
2020-07-21T00:00:00.000;0.483600041421;-0.893672135371;0.000038561362;1.016129365331;0;-3.79;0.014857045297;0.008127692834;-9.59784e-7;-0.1339747
2020-07-22T00:00:00.000;0.498387679415;-0.885418089561;0.000037644433;1.016048952429;0;-3.79;0.014717457794;0.008379972445;-8.68843e-7;-0.1444735
2020-07-23T00:00:00.000;0.513033470388;-0.8769130461;0.000036833162;1.015962515802;0;-3.79;0.014573367467;0.008629660667;-7.49536e-7;-0.1548088
2020-07-24T00:00:00.000;0.527532967802;-0.868159672889;0.000036152279;1.015870193999;0;-3.79;0.014424891724;0.008876608216;-6.09543e-7;-0.1648288
2020-07-25T00:00:00.000;0.541881855454;-0.859160774175;0.000035617739;1.015772209907;0;-3.79;0.014272172274;0.009120693216;-4.5859e-7;-0.1743959
2020-07-26T00:00:00.000;0.55607596653;-0.849919259402;0.000035235168;1.015668858092;0;-3.79;0.014115364179;0.009361827823;-3.07424e-7;-0.1834016
2020-07-27T00:00:00.000;0.57011129087;-0.840438108062;0.000034999401;1.015560484996;0;-3.79;0.013954623726;0.009599959611;-1.66694e-7;-0.1917759
2020-07-28T00:00:00.000;0.583983970607;-0.830720335535;0.00003489509;1.015447465414;0;-3.79;0.013790097617;0.009835068405;-4.5975e-8;-0.1994908
2020-07-29T00:00:00.000;0.597690286273;-0.820768963709;0.000034898164;1.01533017847;0;-3.79;0.013621914831;0.0100671602;4.6961e-8;-0.2065587
2020-07-30T00:00:00.000;0.611226636204;-0.810586998481;0.000034977889;1.015208985448;0;-3.79;0.013450181331;0.010296259691;1.06612e-7;-0.2130279
2020-07-31T00:00:00.000;0.624589511934;-0.800177414984;0.000035099262;1.015084210842;0;-3.79;0.01327497727;0.010522402377;1.29967e-7;-0.2189764
2020-08-01T00:00:00.000;0.637775471912;-0.789543150747;0.000035225536;1.014956127478;0;-3.8;0.013096356391;0.010745626672;1.16538e-7;-0.2245038
2020-08-02T00:00:00.000;0.650781115687;-0.778687106584;0.000035320678;1.014824946354;0;-3.8;0.012914347572;0.010965966391;6.8194e-8;-0.2297231
2020-08-03T00:00:00.000;0.663603060687;-0.767612154572;0.000035351558;1.014690811652;0;-3.8;0.012728958457;0.011183444217;-1.1202e-8;-0.2347512
2020-08-04T00:00:00.000;0.676237923571;-0.756321151768;0.000035289697;1.014553801005;0;-3.8;0.012540180866;0.011398066885;-1.16302e-7;-0.2397001
2020-08-05T00:00:00.000;0.688682307552;-0.744816957587;0.000035112461;1.014413930443;0;-3.8;0.012347997164;0.011609822739;-2.40869e-7;-0.2446702
2020-08-06T00:00:00.000;0.700932796125;-0.733102452362;0.000034803656;1.014271162734;0;-3.8;0.012152386512;0.011818681797;-3.78347e-7;-0.2497451
2020-08-07T00:00:00.000;0.712985952531;-0.721180554746;0.000034353606;1.014125417407;0;-3.8;0.011953329948;0.012024597884;-5.22322e-7;-0.254991
2020-08-08T00:00:00.000;0.724838323442;-0.709054236291;0.000033758843;1.013976580731;0;-3.8;0.011750813674;0.012227511975;-6.66819e-7;-0.2604573
2020-08-09T00:00:00.000;0.73648644496;-0.6967265325;0.000033021607;1.013824514297;0;-3.8;0.011544830427;0.01242735575;-8.06413e-7;-0.2661805
2020-08-10T00:00:00.000;0.747926849143;-0.684200550577;0.000032149287;1.013669061436;0;-3.8;0.011335379234;0.012624054535;-9.36207e-7;-0.2721882
2020-08-11T00:00:00.000;0.759156069717;-0.671479474776;0.000031153958;1.013510051359;0;-3.8;0.01112246414;0.012817529078;-0.000001051711;-0.2785022
2020-08-12T00:00:00.000;0.77017064627;-0.658566570684;0.000030052036;1.013347301423;0;-3.8;0.010906092549;0.013007695895;-0.000001148703;-0.285142
2020-08-13T00:00:00.000;0.780967126883;-0.645465189908;0.000028864079;1.013180618393;0;-3.8;0.010686273891;0.013194466117;-0.000001223111;-0.2921248
2020-08-14T00:00:00.000;0.791542069904;-0.632178776596;0.000027614652;1.013009799937;0;-3.8;0.010463019352;0.013377743029;-0.000001271007;-0.2994644
2020-08-15T00:00:00.000;0.8018920463;-0.618710876894;0.000026332118;1.012834637934;0;-3.8;0.010236343442;0.013557418769;-0.000001288762;-0.307166
2020-08-16T00:00:00.000;0.812013644807;-0.605065151753;0.000025048169;1.012654925355;0;-3.81;0.010006268122;0.013733371139;-0.000001273433;-0.315219
2020-08-17T00:00:00.000;0.821903482645;-0.591245392239;0.000023796844;1.012470468307;0;-3.81;0.009772829782;0.013905462108;-0.000001223393;-0.3235868
2020-08-18T00:00:00.000;0.8315582244;-0.577255534642;0.000022612817;1.01228110392;0;-3.81;0.009536088386;0.014073540057;-0.000001139139;-0.3321972
2020-08-19T00:00:00.000;0.840974610264;-0.563099670688;0.000021528878;1.012086722915;0;-3.81;0.009296136498;0.014237447548;-0.000001024053;-0.3409365
2020-08-20T00:00:00.000;0.850149491734;-0.548782047042;0.0000205728;1.011887293069;0;-3.81;0.009053104519;0.014397034764;-8.848e-7;-0.349653
2020-08-21T00:00:00.000;0.859079869049;-0.534307049542;0.000019764137;1.011682877677;0;-3.81;0.008807158411;0.014552175937;-7.31035e-7;-0.3581709
2020-08-22T00:00:00.000;0.867762921914;-0.519679171588;0.000019111709;1.011473642957;0;-3.81;0.008558488661;0.014702783623;-5.74339e-7;-0.3663137
2020-08-23T00:00:00.000;0.876196025734;-0.504902971581;0.000018612447;1.01125985116;0;-3.81;0.008307293083;0.014848815653;-4.26633e-7;-0.3739293
2020-08-24T00:00:00.000;0.884376749824;-0.489983028123;0.000018251861;1.011041840782;0;-3.81;0.008053758975;0.014990272666;-2.98592e-7;-0.3809082
2020-08-25T00:00:00.000;0.892302839729;-0.474923901702;0.000018005913;1.010819999071;0;-3.81;0.007798049831;0.015127188213;-1.98503e-7;-0.3871912
2020-08-26T00:00:00.000;0.899972189628;-0.459730108204;0.00001784371;1.01059473322;0;-3.81;0.007540298929;0.015259615764;-1.31752e-7;-0.3927674
2020-08-27T00:00:00.000;0.907382811535;-0.444406105228;0.000017730429;1.010366445082;0;-3.82;0.007280608989;0.015387616633;-1.00857e-7;-0.3976645
2020-08-28T00:00:00.000;0.914532806217;-0.428956289074;0.000017630021;1.010135511649;0;-3.82;0.00701905552;0.01551125085;-1.05819e-7;-0.401939
2020-08-29T00:00:00.000;0.921420338316;-0.413384999264;0.000017507509;1.009902271403;0;-3.82;0.006755691577;0.015630571166;-1.44576e-7;-0.4056665
2020-08-30T00:00:00.000;0.928043616321;-0.397696527802;0.000017330811;1.009667015566;0;-3.82;0.006490552577;0.015745619394;-2.13468e-7;-0.408934
2020-08-31T00:00:00.000;0.934400877202;-0.381895131298;0.000017072134;1.009429983167;0;-3.82;0.006223660756;0.01585642423;-3.0765e-7;-0.4118343
2020-09-01T00:00:00.000;0.940490375301;-0.365985044761;0.000016708958;1.00919135911;0;-3.82;0.005955029298;0.015963000029;-4.21477e-7;-0.4144612
2020-09-02T00:00:00.000;0.946310375272;-0.349970496216;0.000016224657;1.008951274756;0;-3.82;0.005684666273;0.016065346398;-5.48868e-7;-0.4169058
2020-09-03T00:00:00.000;0.951859148837;-0.333855721302;0.000015608763;1.008709810656;0;-3.82;0.005412578329;0.016163448649;-6.83641e-7;-0.4192526
2020-09-04T00:00:00.000;0.957134975022;-0.317644976966;0.000014856916;1.008467000958;0;-3.82;0.005138773896;0.016257279128;-8.19799e-7;-0.4215773
2020-09-05T00:00:00.000;0.962136143217;-0.301342553465;0.000013970575;1.008222838864;0;-3.82;0.004863265594;0.016346799243;-9.51737e-7;-0.423946
2020-09-06T00:00:00.000;0.966860958148;-0.284952784137;0.00001295655;1.007977282356;0;-3.83;0.004586071608;0.016431961813;-0.000001074362;-0.4264147
2020-09-07T00:00:00.000;0.971307745682;-0.268480052854;0.000011826479;1.007730259416;0;-3.83;0.004307216005;0.016512713273;-0.000001183111;-0.4290315
2020-09-08T00:00:00.000;0.975474858491;-0.251928799547;0.000010596317;1.007481672141;0;-3.83;0.00402672818;0.016588995255;-0.000001273899;-0.4318385
2020-09-09T00:00:00.000;0.97936068088;-0.235303524621;0.000009285899;1.00723139945;0;-3.83;0.003744641823;0.016660745179;-0.000001343033;-0.4348742
2020-09-10T00:00:00.000;0.982963632567;-0.218608793361;0.000007918594;1.006979298469;0;-3.83;0.00346099394;0.016727895657;-0.000001387136;-0.4381758
2020-09-11T00:00:00.000;0.986282171774;-0.201849241546;0.000006520993;1.006725205165;0;-3.83;0.003175824592;0.016790372695;-0.000001403145;-0.4417793
2020-09-12T00:00:00.000;0.989314798742;-0.18502958336;0.000005122544;1.006468935315;0;-3.83;0.002889178127;0.016848092973;-0.000001388446;-0.445718
2020-09-13T00:00:00.000;0.992060061558;-0.168154622199;0.000003754955;1.006210287524;0;-3.83;0.002601106712;0.016900960951;-0.000001341217;-0.4500169
2020-09-14T00:00:00.000;0.994516566931;-0.151229263901;0.000002451125;1.005949050482;0;-3.83;0.002311676739;0.016948867213;-0.000001261005;-0.4546835
2020-09-15T00:00:00.000;0.996682998758;-0.134258530152;0.000001243402;1.005685016759;0;-3.84;0.002020977846;0.016991690177;-0.000001149511;-0.4596944
2020-09-16T00:00:00.000;0.998558146319;-0.117247567499;1.61017e-7;1.005418004446;0;-3.84;0.001729132665;0.017029303514;-0.000001011383;-0.4649826
2020-09-17T00:00:00.000;1.000140940995;-0.100201645531;-7.73131e-7;1.005147885449;0;-3.84;0.001436303318;0.017061590364;-8.54655e-7;-0.4704282
2020-09-18T00:00:00.000;1.001430495763;-0.083126138167;-0.000001545774;1.004874615409;0;-3.84;0.00114268967;0.017088462219;-6.90425e-7;-0.475863
2020-09-19T00:00:00.000;1.002426137393;-0.066026486127;-0.000002155767;1.004598256918;0;-3.84;0.000848516378;0.017109876363;-5.31542e-7;-0.4810894
2020-09-20T00:00:00.000;1.003127420788;-0.048908145936;-0.000002614866;1.004318987714;0;-3.84;0.00055401101;0.017125844255;-3.90599e-7;-0.4859119
2020-09-21T00:00:00.000;1.003534120019;-0.031776537067;-0.000002946428;1.004037090131;0;-3.84;0.000259380833;0.017136426675;-2.77917e-7;-0.4901683
2020-09-22T00:00:00.000;1.003646199089;-0.014636999827;-0.000003182415;1.003752925136;0;-3.84;-0.000035203357;0.017141718017;-2.0025e-7;-0.4937506
2020-09-23T00:00:00.000;1.003463771989;0.002505228525;-0.000003359607;1.003466899243;0;-3.84;-0.000329612324;0.017141826843;-1.60511e-7;-0.4966086
2020-09-24T00:00:00.000;1.002987062695;0.019645019318;-0.000003515973;1.003179432968;0;-3.85;-0.000623754081;0.017136859544;-1.58297e-7;-0.4987418
2020-09-25T00:00:00.000;1.002216372237;0.036777344758;-0.000003687783;1.002890936184;0;-3.85;-0.000917564859;0.017126910365;-1.90775e-7;-0.5001852
2020-09-26T00:00:00.000;1.001152055298;0.053897263349;-0.000003907633;1.002601791759;0;-3.85;-0.001210999683;0.017112057381;-2.53555e-7;-0.5009952
2020-09-27T00:00:00.000;0.999794505359;0.070999903425;-0.000004203238;1.002312346153;0;-3.85;-0.001504024899;0.017092362333;-3.41356e-7;-0.50124
2020-09-28T00:00:00.000;0.998144146091;0.088080447503;-0.000004596778;1.002022904743;0;-3.85;-0.001796613126;0.017067872144;-4.48447e-7;-0.5009931
2020-09-29T00:00:00.000;0.996201426766;0.105134118374;-0.000005104591;1.001733729871;0;-3.85;-0.002088740141;0.017038620705;-5.68912e-7;-0.5003297
2020-09-30T00:00:00.000;0.993966820164;0.122156166825;-0.000005737084;1.001445040286;0;-3.85;-0.002380382874;0.01700463032;-6.96825e-7;-0.4993252
2020-10-01T00:00:00.000;0.991440822199;0.139141860611;-0.00000649879;1.001157011332;0;-3.85;-0.002671517896;0.016965912754;-8.26386e-7;-0.4980543
2020-10-02T00:00:00.000;0.988623952974;0.156086474344;-0.000007388552;1.000869775706;0;-3.86;-0.002962120029;0.016922470096;-9.5204e-7;-0.4965899
2020-10-03T00:00:00.000;0.985516759199;0.172985280265;-0.000008399836;1.000583424768;0;-3.86;-0.003252161028;0.016874295666;-0.0000010686;-0.4950021
2020-10-04T00:00:00.000;0.982119817841;0.189833540003;-0.000009521141;1.000298010393;0;-3.86;-0.003541608462;0.016821375112;-0.000001171338;-0.4933574
2020-10-05T00:00:00.000;0.978433740724;0.206626497501;-0.000010736503;1.000013547194;0;-3.86;-0.003830424961;0.016763687606;-0.000001256057;-0.4917183
2020-10-06T00:00:00.000;0.974459179652;0.223359373109;-0.000012026029;0.999730014808;0;-3.86;-0.004118567922;0.016701206938;-0.000001319104;-0.4901436
2020-10-07T00:00:00.000;0.970196831613;0.240027358587;-0.000013366447;0.999447359855;0;-3.86;-0.004405989617;0.016633902202;-0.000001357369;-0.488689
2020-10-08T00:00:00.000;0.965647443787;0.256625612483;-0.000014731643;0.999165497248;0;-3.86;-0.004692637413;0.016561737801;-0.000001368271;-0.4874088
2020-10-09T00:00:00.000;0.960811818459;0.273149255095;-0.000016093192;0.998884310773;0;-3.86;-0.004978453649;0.016484672624;-0.000001349791;-0.4863566
2020-10-10T00:00:00.000;0.955690818496;0.28959336223;-0.00001742098;0.998603653263;0;-3.87;-0.005263374515;0.016402658492;-0.000001300595;-0.4855858
2020-10-11T00:00:00.000;0.950285374729;0.305952957234;-0.000018684008;0.998323347325;0;-3.87;-0.00554732724;0.016315638388;-0.000001220313;-0.4851471
2020-10-12T00:00:00.000;0.944596497265;0.322223001552;-0.000019851578;0.998043188328;0;-3.87;-0.005830224983;0.016223545526;-0.000001110008;-0.4850828
2020-10-13T00:00:00.000;0.9386252931;0.338398385497;-0.000020895035;0.997762952104;0;-3.87;-0.006111959417;0.016126305035;-9.7282e-7;-0.4854161
2020-10-14T00:00:00.000;0.932372991835;0.354473922909;-0.000021790183;0.99748241007;0;-3.87;-0.006392392308;0.01602384042;-8.14626e-7;-0.4861363
2020-10-15T00:00:00.000;0.925840979056;0.370444355377;-0.000022520254;0.997201353507;0;-3.87;-0.006671349318;0.015916086341;-6.44424e-7;-0.4871829
2020-10-16T00:00:00.000;0.919030832786;0.386304372136;-0.000023078946;0.996919625684;0;-3.87;-0.006948620923;0.015803006683;-4.74016e-7;-0.4884357
2020-10-17T00:00:00.000;0.911944353623;0.402048648676;-0.000023472655;0.996637155919;0;-3.87;-0.007223974527;0.0156846127;-3.1669e-7;-0.4897193
2020-10-18T00:00:00.000;0.904583577139;0.417671900129;-0.000023720926;0.996353985664;0;-3.88;-0.007497177162;0.015560972998;-1.85063e-7;-0.490826
2020-10-19T00:00:00.000;0.896950761066;0.433168937655;-0.000023854629;0.996070277087;0;-3.88;-0.007768021548;0.015432208994;-8.8829e-8;-0.4915517
2020-10-20T00:00:00.000;0.889048349105;0.448534713018;-0.000023912199;0.995786300569;0;-3.88;-0.008036345179;0.015298476663;-3.3285e-8;-0.4917307
2020-10-21T00:00:00.000;0.880878922192;0.463764341213;-0.000023935046;0.995502405982;0;-3.88;-0.008302035836;0.01515994258;-1.916e-8;-0.4912553
2020-10-22T00:00:00.000;0.872445150893;0.478853100345;-0.000023963366;0.995218987761;0;-3.88;-0.008565024556;0.015016763696;-4.35e-8;-0.4900776
2020-10-23T00:00:00.000;0.863749758622;0.493796415531;-0.000024033113;0.994936453292;0;-3.88;-0.00882527222;0.014869075986;-1.01007e-7;-0.4881982
2020-10-24T00:00:00.000;0.854795498697;0.508589835946;-0.0000241743;0.994655199757;0;-3.88;-0.009082756147;0.014716991679;-1.85269e-7;-0.4856491
2020-10-25T00:00:00.000;0.845585143189;0.523229012064;-0.000024410342;0.994375600084;0;-3.88;-0.009337460223;0.014560601822;-2.8961e-7;-0.4824801
2020-10-26T00:00:00.000;0.836121479527;0.537709676699;-0.000024758046;0.994097995952;0;-3.89;-0.009589369213;0.014399980821;-4.07539e-7;-0.4787486
2020-10-27T00:00:00.000;0.826407311052;0.552027630585;-0.0000252279;0.993822695115;0;-3.89;-0.009838466321;0.014235190725;-5.32919e-7;-0.4745141
2020-10-28T00:00:00.000;0.816445458952;0.566178731665;-0.00002582444;0.993549970711;0;-3.89;-0.010084732645;0.014066284298;-6.59978e-7;-0.4698367
2020-10-29T00:00:00.000;0.806238764289;0.580158886781;-0.000026546603;0.993280061039;0;-3.89;-0.010328147391;0.013893306749;-7.83283e-7;-0.4647771
2020-10-30T00:00:00.000;0.795790089767;0.593964044523;-0.000027388047;0.99301316905;0;-3.89;-0.010568688073;0.013716296406;-8.97715e-7;-0.4593972
2020-10-31T00:00:00.000;0.785102321475;0.607590188423;-0.000028337481;0.992749461372;0;-3.89;-0.010806330335;0.01353528481;-9.98496e-7;-0.453761
2020-11-01T00:00:00.000;0.77417837105;0.621033330125;-0.000029379031;0.992489067038;0;-3.89;-0.011041047288;0.013350296627;-0.00000108126;-0.4479346
2020-11-02T00:00:00.000;0.763021178689;0.634289502525;-0.000030492705;0.992232076216;0;-3.89;-0.01127280851;0.013161349719;-0.000001142147;-0.4419865
2020-11-03T00:00:00.000;0.751633717251;0.64735475311;-0.000031654946;0.991978539226;0;-3.89;-0.011501578912;0.012968455478;-0.000001177911;-0.435986
2020-11-04T00:00:00.000;0.740018997456;0.660225137749;-0.000032839301;0.991728465957;0;-3.9;-0.011727317684;0.012771619365;-0.000001186013;-0.4300037
2020-11-05T00:00:00.000;0.728180074087;0.672896715047;-0.000034017162;0.99148182564;0;-3.9;-0.011949977364;0.012570841471;-0.000001164704;-0.4241098
2020-11-06T00:00:00.000;0.71612005309;0.685365541181;-0.000035158606;0.991238546825;0;-3.9;-0.012169502905;0.012366116876;-0.000001113113;-0.4183748
2020-11-07T00:00:00.000;0.703842099763;0.697627664949;-0.000036233326;0.990998517463;0;-3.9;-0.012385830371;0.012157435736;-0.000001031368;-0.4128689
2020-11-08T00:00:00.000;0.691349448637;0.709679122854;-0.00003721172;0.990761585313;0;-3.9;-0.012598884766;0.011944783328;-9.20799e-7;-0.4076607
2020-11-09T00:00:00.000;0.678645416147;0.721515934459;-0.000038066244;0.990527559427;0;-3.9;-0.012808576573;0.011728140706;-7.84247e-7;-0.4028149
2020-11-10T00:00:00.000;0.665733417468;0.733134099173;-0.000038773111;0.990296214275;0;-3.9;-0.013014796927;0.01150748714;-6.2646e-7;-0.3983852
2020-11-11T00:00:00.000;0.652616988571;0.744529597003;-0.000039314411;0.990067298789;0;-3.9;-0.013217412254;0.011282805864;-4.54497e-7;-0.3944041
2020-11-12T00:00:00.000;0.639299813051;0.75569839724;-0.000039680537;0.989840552884;0;-3.9;-0.013416260563;0.011054094311;-2.77901e-7;-0.3908676
2020-11-13T00:00:00.000;0.625785750413;0.766636479571;-0.000039872546;0.989615732908;0;-3.91;-0.013611152919;0.010821378442;-1.08338e-7;-0.3877206
2020-11-14T00:00:00.000;0.612078858741;0.777339870271;-0.000039903778;0.989392644415;0;-3.91;-0.01380188363;0.010584727725;4.1559e-8;-0.3848474
2020-11-15T00:00:00.000;0.598183402374;0.787804691095;-0.000039799915;0.989171176173;0;-3.91;-0.01398824976;0.010344264325;1.601e-7;-0.3820779
2020-11-16T00:00:00.000;0.584103837157;0.798027211663;-0.000039596953;0.988951325751;0;-3.91;-0.014170075179;0.010100160127;2.38674e-7;-0.3792106
2020-11-17T00:00:00.000;0.56984477311;0.808003891915;-0.000039337288;0.988733207867;0;-3.91;-0.014347230067;0.009852620236;2.73252e-7;-0.3760474
2020-11-18T00:00:00.000;0.555410923353;0.817731403512;-0.000039064883;0.988517042643;0;-3.91;-0.014519638026;0.009601858849;2.64657e-7;-0.3724259
2020-11-19T00:00:00.000;0.540807052965;0.827206627315;-0.000038820812;0.988303128761;0;-3.91;-0.014687269539;0.009348077108;2.1762e-7;-0.368238
2020-11-20T00:00:00.000;0.52603793916;0.83642663285;-0.000038640102;0.988091811053;0;-3.91;-0.014850127089;0.009091449885;1.39228e-7;-0.363431
2020-11-21T00:00:00.000;0.511108347416;0.845388649717;-0.000038550153;0.987883451301;0;-3.91;-0.01500822925;0.008832122642;3.7434e-8;-0.3579964
2020-11-22T00:00:00.000;0.496023021824;0.854090039672;-0.00003857043;0.987678406939;0;-3.91;-0.015161598664;0.008570215199;-7.9975e-8;-0.3519553
2020-11-23T00:00:00.000;0.480786684809;0.862528274167;-0.000038712928;0.987477018226;0;-3.91;-0.015310255306;0.008305828248;-2.05889e-7;-0.3453441
2020-11-24T00:00:00.000;0.465404041286;0.870700918443;-0.000038982931;0.987279602008;0;-3.92;-0.015454214094;0.008039049595;-3.33995e-7;-0.3382063
2020-11-25T00:00:00.000;0.449879783725;0.878605621083;-0.000039379775;0.987086449483;0;-3.92;-0.015593485184;0.007769958695;-4.58685e-7;-0.3305869
2020-11-26T00:00:00.000;0.434218596244;0.886240107084;-0.00003989747;0.986897825674;0;-3.92;-0.015728075383;0.007498629181;-5.74891e-7;-0.3225315
2020-11-27T00:00:00.000;0.418425157188;0.893602172565;-0.000040525169;0.986713969001;0;-3.92;-0.015857989641;0.007225129672;-6.77943e-7;-0.3140868
2020-11-28T00:00:00.000;0.402504140471;0.900689679631;-0.000041247523;0.986535089995;0;-3.92;-0.015983231944;0.006949523392;-7.63502e-7;-0.305303
2020-11-29T00:00:00.000;0.386460216462;0.90750055051;-0.000042045009;0.986361368795;0;-3.92;-0.016103805304;0.006671867159;-8.27577e-7;-0.2962356
2020-11-30T00:00:00.000;0.370298053382;0.914032760587;-0.000042894336;0.986192951509;0;-3.92;-0.016219710762;0.006392210316;-8.66644e-7;-0.2869471
2020-12-01T00:00:00.000;0.354022320114;0.920284330557;-0.000043768992;0.986029945855;0;-3.92;-0.016330945581;0.006110594069;-8.7782e-7;-0.277508
2020-12-02T00:00:00.000;0.337637691126;0.926253318242;-0.000044639994;0.985872416703;0;-3.92;-0.016437500919;0.00582705155;-8.59082e-7;-0.267996
2020-12-03T00:00:00.000;0.321148853794;0.931937810903;-0.000045476854;0.985720382133;0;-3.92;-0.016539359386;0.005541608715;-8.09476e-7;-0.2584951
2020-12-04T00:00:00.000;0.304560518108;0.937335918827;-0.000046248741;0.985573810556;0;-3.92;-0.016636492794;0.005254285977;-7.29297e-7;-0.249093
2020-12-05T00:00:00.000;0.287877428444;0.942445770822;-0.000046925804;0.985432619183;0;-3.92;-0.016728860249;0.00496510035;-6.20234e-7;-0.2398788
2020-12-06T00:00:00.000;0.271104377118;0.947265512038;-0.000047480626;0.985296674024;0;-3.92;-0.016816406498;0.004674067954;-4.85475e-7;-0.2309402
2020-12-07T00:00:00.000;0.254246219533;0.951793304501;-0.000047889768;0.985165791597;0;-3.92;-0.016899060328;0.00438120696;-3.29811e-7;-0.2223603
2020-12-08T00:00:00.000;0.237307890965;0.956027330976;-0.000048135419;0.985039742856;0;-3.93;-0.016976732946;0.004086541423;-1.59717e-7;-0.2142128
2020-12-09T00:00:00.000;0.220294424825;0.959965803386;-0.000048207102;0.984918260366;0;-3.93;-0.017049316722;0.003790106663;1.6623e-8;-0.2065556
2020-12-10T00:00:00.000;0.203210971579;0.96360697763;-0.000048103327;0.984801050275;0;-3.93;-0.017116685439;0.003491956748;1.89463e-7;-0.1994204
2020-12-11T00:00:00.000;0.186062815874;0.966949176873;-0.000047832946;0.984687810626;0;-3.93;-0.017178697942;0.003192173749;3.47986e-7;-0.1928015
2020-12-12T00:00:00.000;0.168855387507;0.969990824214;-0.000047415782;0.984578256513;0;-3.93;-0.017235207103;0.00289087679;4.81269e-7;-0.1866442
2020-12-13T00:00:00.000;0.151594260429;0.972730482809;-0.000046882049;0.984472150027;0;-3.93;-0.017286074608;0.002588227143;5.79723e-7;-0.1808404
2020-12-14T00:00:00.000;0.134285135007;0.975166897316;-0.000046270213;0.984369329696;0;-3.93;-0.017331188958;0.002284425208;6.36683e-7;-0.1752358
2020-12-15T00:00:00.000;0.116933802962;0.977299027355;-0.000045623411;0.984269731946;0;-3.93;-0.017370480984;0.001979697627;6.49608e-7;-0.1696501
2020-12-16T00:00:00.000;0.09954610068;0.979126064189;-0.000044985087;0.984173398217;0;-3.93;-0.01740393076;0.001674277498;6.20386e-7;-0.1639048
2020-12-17T00:00:00.000;0.08212786122;0.980647426905;-0.000044394851;0.984080465945;0;-3.93;-0.017431563314;0.001368384425;5.54605e-7;-0.1578495
2020-12-18T00:00:00.000;0.064684875266;0.981862741413;-0.000043885439;0.983991147312;0;-3.93;-0.017453435828;0.001062210926;4.60162e-7;-0.1513772
2020-12-19T00:00:00.000;0.047222866746;0.982771810353;-0.00004348117;0.983905702931;0;-3.93;-0.017469622152;0.000755917918;3.45772e-7;-0.1444265
2020-12-20T00:00:00.000;0.029747482983;0.983374582502;-0.000043197732;0.983824417323;0;-3.93;-0.017480199886;0.000449637675;2.19837e-7;-0.1369744
2020-12-21T00:00:00.000;0.012264295344;0.983671127346;-0.000043042839;0.983747580209;0;-3.93;-0.017485242465;0.000143480598;8.9835e-8;-0.1290239
2020-12-22T00:00:00.000;-0.005221194717;0.983661616892;-0.000043017276;0.98367547457;0;-3.93;-0.017484816091;-0.000162457577;-3.7842e-8;-0.1205936
2020-12-23T00:00:00.000;-0.022703548344;0.98334631399;-0.000043115933;0.983608370341;0;-3.93;-0.01747897999;-0.000468090131;-1.57772e-7;-0.1117091
2020-12-24T00:00:00.000;-0.040177383199;0.982725565227;-0.000043328669;0.983546521802;0;-3.93;-0.017467788351;-0.000773335939;-2.65269e-7;-0.1023984
2020-12-25T00:00:00.000;-0.057637369584;0.98179979613;-0.00004364093;0.983490166681;0;-3.93;-0.017451292625;-0.001078118187;-3.56157e-7;-0.0926908
2020-12-26T00:00:00.000;-0.075078228672;0.980569506774;-0.000044034171;0.983439525327;0;-3.93;-0.017429543317;-0.001382364772;-4.26615e-7;-0.0826176
2020-12-27T00:00:00.000;-0.092494732025;0.979035266386;-0.000044486176;0.983394798776;0;-3.93;-0.017402590714;-0.001686009808;-4.73132e-7;-0.072215
2020-12-28T00:00:00.000;-0.109881701181;0.977197706151;-0.000044971411;0.98335616497;0;-3.93;-0.017370484238;-0.001988995597;-4.92599e-7;-0.0615273
2020-12-29T00:00:00.000;-0.12723400585;0.9750575101;-0.00004546152;0.983323772882;0;-3.93;-0.01733327034;-0.002291274377;-4.82535e-7;-0.050611
2020-12-30T00:00:00.000;-0.14454655934;0.972615404675;-0.000045926109;0.983297734838;0;-3.93;-0.017290989104;-0.00259280911;-4.41398e-7;-0.0395369
