Date (undefined);px (au);py (au);pz (au);Dobs (au);Phase (deg);VMag (mag);vx (au/d);vy (au/d);vz (au/d);RV (km/s)
2020-01-01T00:00:00.000;0.72320558308;0.052480240802;-0.041013991286;0.726266231181;0;-6.57;-0.001545369557;0.02008146534;0.00036472944;-0.187622
2020-01-02T00:00:00.000;0.721381062421;0.072538861991;-0.040633466289;0.726156733978;0;-6.57;-0.002103476503;0.0200331643;0.000396273435;-0.191533
2020-01-03T00:00:00.000;0.718999084229;0.092541426755;-0.040221541191;0.726045020067;0;-6.57;-0.002660212662;0.019969356824;0.000427525549;-0.1952977
2020-01-04T00:00:00.000;0.716061232745;0.112472444897;-0.039778519967;0.725931174804;0;-6.57;-0.00321515117;0.019890077372;0.000458461624;-0.1989132
2020-01-05T00:00:00.000;0.71256951883;0.132316466497;-0.039304730658;0.725815285265;0;-6.57;-0.003767865702;0.019795372044;0.000489057689;-0.2023764
2020-01-06T00:00:00.000;0.708526379269;0.152058093562;-0.038800525171;0.725697440185;0;-6.57;-0.00431793079;0.019685298595;0.000519289985;-0.2056846
2020-01-07T00:00:00.000;0.70393467576;0.171681991683;-0.038266279061;0.725577729894;0;-6.57;-0.004864922126;0.019559926438;0.000549134978;-0.208835
2020-01-08T00:00:00.000;0.6987976936;0.191172901692;-0.037702391297;0.725456246255;0;-6.57;-0.005408416882;0.019419336642;0.000578569381;-0.2118251
2020-01-09T00:00:00.000;0.693119140046;0.21051565131;-0.037109284003;0.725333082593;0;-6.57;-0.005947994017;0.019263621915;0.000607570168;-0.2146524
2020-01-10T00:00:00.000;0.686903142372;0.229695166782;-0.036487402192;0.725208333627;0;-6.58;-0.006483234594;0.019092886592;0.000636114596;-0.2173145
2020-01-11T00:00:00.000;0.680154245604;0.248696484485;-0.035837213471;0.725082095406;0;-6.58;-0.007013722101;0.018907246599;0.00066418022;-0.2198092
2020-01-12T00:00:00.000;0.672877409941;0.267504762505;-0.035159207736;0.724954465232;0;-6.58;-0.007539042763;0.018706829421;0.000691744911;-0.2221343
2020-01-13T00:00:00.000;0.665078007853;0.286105292173;-0.034453896845;0.724825541594;0;-6.58;-0.008058785863;0.018491774054;0.000718786875;-0.224288
2020-01-14T00:00:00.000;0.656761820868;0.304483509552;-0.033721814278;0.72469542409;0;-6.58;-0.008572544063;0.018262230955;0.000745284671;-0.2262683
2020-01-15T00:00:00.000;0.647935036031;0.322625006863;-0.03296351477;0.724564213356;0;-6.58;-0.00907991372;0.018018361973;0.000771217225;-0.2280735
2020-01-16T00:00:00.000;0.638604242053;0.340515543843;-0.03217957394;0.724432010989;0;-6.58;-0.009580495206;0.017760340282;0.000796563854;-0.229702
2020-01-17T00:00:00.000;0.628776425128;0.358141059037;-0.031370587887;0.724298919473;0;-6.58;-0.010073893231;0.017488350299;0.000821304275;-0.2311523
2020-01-18T00:00:00.000;0.618458964445;0.375487680986;-0.030537172787;0.724165042098;0;-6.58;-0.010559717158;0.017202587594;0.000845418632;-0.2324231
2020-01-19T00:00:00.000;0.607659627369;0.392541739338;-0.029679964451;0.724030482885;0;-6.58;-0.011037581324;0.016903258787;0.000868887502;-0.2335132
2020-01-20T00:00:00.000;0.596386564309;0.409289775846;-0.028799617888;0.723895346505;0;-6.58;-0.011507105358;0.016590581446;0.000891691921;-0.2344216
2020-01-21T00:00:00.000;0.584648303273;0.425718555251;-0.027896806836;0.723759738198;0;-6.58;-0.011967914495;0.016264783964;0.000913813397;-0.2351473
2020-01-22T00:00:00.000;0.572453744097;0.441815076051;-0.026972223284;0.723623763696;0;-6.58;-0.012419639892;0.015926105432;0.000935233924;-0.2356896
2020-01-23T00:00:00.000;0.55981215237;0.457566581128;-0.026026576972;0.723487529136;0;-6.59;-0.012861918942;0.015574795505;0.000955936005;-0.2360478
2020-01-24T00:00:00.000;0.546733153043;0.472960568237;-0.025060594882;0.723351140981;0;-6.59;-0.013294395585;0.015211114249;0.00097590266;-0.2362214
2020-01-25T00:00:00.000;0.533226723724;0.487984800345;-0.024075020708;0.723214705936;0;-6.59;-0.013716720616;0.014835331992;0.000995117447;-0.2362101
2020-01-26T00:00:00.000;0.519303187673;0.502627315807;-0.023070614311;0.723078330865;0;-6.59;-0.01412855199;0.014447729149;0.001013564474;-0.2360137
2020-01-27T00:00:00.000;0.50497320649;0.516876438367;-0.022048151162;0.722942122706;0;-6.59;-0.014529555128;0.014048596057;0.001031228419;-0.2356321
2020-01-28T00:00:00.000;0.490247772498;0.530720786989;-0.021008421764;0.722806188384;0;-6.59;-0.014919403213;0.013638232778;0.001048094538;-0.2350655
2020-01-29T00:00:00.000;0.475138200832;0.544149285484;-0.019952231069;0.722670634734;0;-6.59;-0.015297777486;0.013216948912;0.001064148686;-0.234314
2020-01-30T00:00:00.000;0.459656121236;0.557151171944;-0.018880397868;0.722535568406;0;-6.59;-0.015664367541;0.012785063387;0.001079377325;-0.233378
2020-01-31T00:00:00.000;0.443813469565;0.56971600797;-0.017793754182;0.722401095786;0;-6.59;-0.016018871609;0.012342904249;0.001093767542;-0.2322581
2020-02-01T00:00:00.000;0.427622479009;0.581833687671;-0.016693144624;0.722267322908;0;-6.59;-0.016360996839;0.011890808431;0.001107307062;-0.230955
2020-02-02T00:00:00.000;0.411095671031;0.593494446442;-0.015579425762;0.72213435537;0;-6.59;-0.016690459582;0.011429121526;0.001119984256;-0.2294694
2020-02-03T00:00:00.000;0.394245846034;0.604688869497;-0.014453465461;0.722002298246;0;-6.59;-0.017006985654;0.010958197539;0.001131788162;-0.2278025
2020-02-04T00:00:00.000;0.377086073757;0.615407900161;-0.013316142214;0.721871256005;0;-6.6;-0.017310310608;0.010478398638;0.001142708486;-0.2259552
2020-02-05T00:00:00.000;0.359629683414;0.625642847899;-0.012168344462;0.721741332422;0;-6.6;-0.017600179992;0.00999009489;0.001152735625;-0.2239289
2020-02-06T00:00:00.000;0.341890253564;0.635385396079;-0.011010969908;0.721612630496;0;-6.6;-0.017876349603;0.009493663988;0.001161860667;-0.221725
2020-02-07T00:00:00.000;0.323881601747;0.644627609467;-0.00984492481;0.721485252366;0;-6.6;-0.018138585728;0.008989490978;0.00117007541;-0.219345
2020-02-08T00:00:00.000;0.305617773866;0.653361941425;-0.008671123272;0.721359299229;0;-6.6;-0.018386665391;0.008477967961;0.001177372367;-0.2167906
2020-02-09T00:00:00.000;0.287113033338;0.661581240827;-0.007490486523;0.721234871255;0;-6.6;-0.018620376578;0.007959493804;0.001183744775;-0.2140638
2020-02-10T00:00:00.000;0.26838185002;0.669278758667;-0.006303942189;0.721112067511;0;-6.6;-0.018839518462;0.007434473825;0.001189186609;-0.2111664
2020-02-11T00:00:00.000;0.249438888912;0.676448154358;-0.00511242355;0.720990985873;0;-6.6;-0.019043901618;0.006903319486;0.001193692582;-0.2081007
2020-02-12T00:00:00.000;0.230298998653;0.683083501709;-0.003916868799;0.72087172295;0;-6.6;-0.019233348227;0.006366448064;0.001197258159;-0.2048688
2020-02-13T00:00:00.000;0.210977199811;0.689179294579;-0.002718220287;0.720754373999;0;-6.6;-0.019407692277;0.005824282322;0.001199879561;-0.2014732
2020-02-14T00:00:00.000;0.191488672991;0.694730452195;-0.001517423761;0.720639032849;0;-6.6;-0.019566779745;0.005277250169;0.001201553772;-0.1979164
2020-02-15T00:00:00.000;0.171848746743;0.699732324121;-0.000315427602;0.720525791816;0;-6.6;-0.01971046878;0.004725784316;0.001202278543;-0.1942011
2020-02-16T00:00:00.000;0.152072885319;0.70418069489;0.000886817946;0.720414741625;0;-6.6;-0.019838629867;0.00417032192;0.0012020524;-0.1903302
2020-02-17T00:00:00.000;0.132176676248;0.708071788263;0.002088361554;0.720305971329;0;-6.6;-0.019951145986;0.003611304226;0.001200874644;-0.1863065
2020-02-18T00:00:00.000;0.112175817771;0.711402271145;0.003288251584;0.720199568232;0;-6.61;-0.020047912755;0.003049176203;0.001198745358;-0.1821333
2020-02-19T00:00:00.000;0.092086106134;0.714169257114;0.004485536872;0.720095617811;0;-6.61;-0.020128838566;0.002484386171;0.001195665408;-0.1778137
2020-02-20T00:00:00.000;0.071923422751;0.716370309588;0.005679267514;0.719994203642;0;-6.61;-0.020193844711;0.001917385421;0.001191636445;-0.1733511
2020-02-21T00:00:00.000;0.051703721248;0.718003444608;0.006868495648;0.719895407328;0;-6.61;-0.020242865488;0.00134862784;0.001186660906;-0.1687489
2020-02-22T00:00:00.000;0.031443014404;0.719067133235;0.008052276244;0.719799308423;0;-6.61;-0.020275848307;0.000778569516;0.001180742014;-0.1640108
2020-02-23T00:00:00.000;0.011157360999;0.719560303559;0.009229667888;0.719705984365;0;-6.61;-0.020292753771;0.00020766835;0.001173883781;-0.1591405
2020-02-24T00:00:00.000;-0.009137147424;0.719482342314;0.010399733569;0.719615510411;0;-6.61;-0.020293555757;-0.000363616338;0.001166091;-0.1541418
2020-02-25T00:00:00.000;-0.029424399862;0.718833096097;0.011561541463;0.719527959563;0;-6.61;-0.020278241476;-0.000934824214;0.001157369251;-0.1490187
2020-02-26T00:00:00.000;-0.049688279212;0.717612872179;0.012714165718;0.719443402512;0;-6.61;-0.020246811524;-0.001505494329;0.001147724894;-0.1437752
2020-02-27T00:00:00.000;-0.069912675677;0.715822438923;0.013856687227;0.719361907573;0;-6.61;-0.020199279918;-0.002075165523;0.001137165065;-0.1384156
2020-02-28T00:00:00.000;-0.0900815002;0.713463025782;0.014988194409;0.719283540621;0;-6.61;-0.020135674123;-0.002643376839;0.001125697675;-0.132944
2020-02-29T00:00:00.000;-0.110178697918;0.710536322902;0.016107783978;0.719208365039;0;-6.61;-0.020056035059;-0.003209667925;0.001113331401;-0.1273649
2020-03-01T00:00:00.000;-0.13018826162;0.7070444803;0.017214561707;0.719136441659;0;-6.61;-0.019960417103;-0.003773579453;0.001100075685;-0.1216827
2020-03-02T00:00:00.000;-0.150094245191;0.702990106646;0.018307643188;0.719067828706;0;-6.61;-0.019848888071;-0.004334653524;0.001085940722;-0.1159019
2020-03-03T00:00:00.000;-0.169880777043;0.698376267616;0.019386154587;0.719002581753;0;-6.61;-0.019721529186;-0.004892434087;0.001070937458;-0.1100273
2020-03-04T00:00:00.000;-0.189532073499;0.693206483847;0.020449233382;0.718940753664;0;-6.61;-0.01957843504;-0.005446467345;0.001055077579;-0.1040635
2020-03-05T00:00:00.000;-0.209032452137;0.687484728471;0.021496029106;0.71888239455;0;-6.61;-0.019419713532;-0.005996302173;0.0010383735;-0.0980153
2020-03-06T00:00:00.000;-0.22836634506;0.681215424241;0.02252570407;0.718827551729;0;-6.61;-0.019245485803;-0.006541490523;0.001020838362;-0.0918877
2020-03-07T00:00:00.000;-0.247518312098;0.674403440249;0.02353743408;0.718776269674;0;-6.61;-0.019055886147;-0.007081587835;0.001002486012;-0.0856856
2020-03-08T00:00:00.000;-0.266473053916;0.66705408823;0.024530409141;0.718728589984;0;-6.61;-0.018851061916;-0.007616153447;0.000983331002;-0.0794139
2020-03-09T00:00:00.000;-0.285215425013;0.659173118468;0.025503834157;0.718684551338;0;-6.61;-0.018631173406;-0.008144750994;0.000963388568;-0.0730778
2020-03-10T00:00:00.000;-0.303730446607;0.650766715294;0.026456929604;0.718644189467;0;-6.61;-0.018396393736;-0.008666948811;0.000942674625;-0.0666824
2020-03-11T00:00:00.000;-0.322003319392;0.641841492188;0.027388932207;0.718607537116;0;-6.62;-0.018146908706;-0.009182320331;0.000921205747;-0.0602329
2020-03-12T00:00:00.000;-0.340019436137;0.632404486484;0.02829909559;0.718574624021;0;-6.62;-0.017882916646;-0.009690444478;0.000898999158;-0.0537346
2020-03-13T00:00:00.000;-0.357764394144;0.622463153686;0.029186690918;0.718545476877;0;-6.62;-0.01760462825;-0.010190906052;0.000876072712;-0.0471926
2020-03-14T00:00:00.000;-0.375224007516;0.612025361399;0.03005100752;0.718520119318;0;-6.62;-0.017312266401;-0.010683296116;0.000852444884;-0.0406125
2020-03-15T00:00:00.000;-0.392384319257;0.601099382874;0.030891353504;0.718498571893;0;-6.62;-0.017006065977;-0.011167212371;0.000828134747;-0.0339994
2020-03-16T00:00:00.000;-0.409231613164;0.58969389019;0.031707056343;0.71848085205;0;-6.62;-0.016686273649;-0.011642259526;0.000803161961;-0.0273588
2020-03-17T00:00:00.000;-0.42575242551;0.577817947056;0.032497463453;0.718466974118;0;-6.62;-0.016353147662;-0.012108049665;0.00077754675;-0.0206961
2020-03-18T00:00:00.000;-0.441933556511;0.565481001262;0.033261942754;0.718456949298;0;-6.62;-0.016006957611;-0.012564202603;0.000751309889;-0.0140167
2020-03-19T00:00:00.000;-0.457762081553;0.552692876773;0.033999883206;0.71845078565;0;-6.62;-0.015647984198;-0.013010346232;0.000724472682;-0.0073261
2020-03-20T00:00:00.000;-0.473225362172;0.539463765477;0.03471069533;0.718448488088;0;-6.62;-0.01527651898;-0.013446116867;0.000697056944;-0.0006297
2020-03-21T00:00:00.000;-0.488311056783;0.525804218596;0.035393811708;0.718450058373;0;-6.62;-0.014892864107;-0.013871159578;0.000669084982;0.006067
2020-03-22T00:00:00.000;-0.503007131133;0.511725137769;0.03604868747;0.718455495118;0;-6.62;-0.014497332045;-0.014285128509;0.000640579574;0.0127586
2020-03-23T00:00:00.000;-0.517301868479;0.497237765823;0.036674800746;0.718464793781;0;-6.62;-0.014090245295;-0.014687687199;0.000611563945;0.0194396
2020-03-24T00:00:00.000;-0.531183879473;0.482353677217;0.037271653111;0.718477946678;0;-6.62;-0.013671936097;-0.015078508881;0.000582061754;0.0261046
2020-03-25T00:00:00.000;-0.544642111748;0.467084768208;0.037838770002;0.718494942986;0;-6.62;-0.013242746121;-0.01545727678;0.000552097062;0.0327481
2020-03-26T00:00:00.000;-0.557665859194;0.451443246711;0.038375701114;0.718515768754;0;-6.62;-0.012803026155;-0.015823684396;0.00052169432;0.0393648
2020-03-27T00:00:00.000;-0.570244770917;0.43544162189;0.038882020773;0.718540406916;0;-6.62;-0.012353135782;-0.016177435776;0.000490878337;0.0459492
2020-03-28T00:00:00.000;-0.582368859863;0.419092693476;0.039357328289;0.71856883731;0;-6.62;-0.011893443047;-0.016518245775;0.000459674266;0.0524961
2020-03-29T00:00:00.000;-0.594028511113;0.402409540835;0.039801248284;0.718601036692;0;-6.62;-0.011424324115;-0.01684584031;0.000428107575;0.059
2020-03-30T00:00:00.000;-0.60521448983;0.385405511782;0.040213430997;0.718636978762;0;-6.61;-0.010946162922;-0.017159956596;0.000396204026;0.0654558
2020-03-31T00:00:00.000;-0.615917948848;0.368094211176;0.040593552565;0.718676634186;0;-6.61;-0.01045935082;-0.017460343372;0.000363989649;0.0718582
2020-04-01T00:00:00.000;-0.626130435915;0.35048948928;0.040941315281;0.718719970623;0;-6.61;-0.009964286215;-0.017746761118;0.000331490722;0.078202
2020-04-02T00:00:00.000;-0.635843900557;0.332605429922;0.041256447829;0.718766952758;0;-6.61;-0.009461374197;-0.018018982253;0.000298733745;0.0844821
2020-04-03T00:00:00.000;-0.645050700572;0.314456338463;0.041538705494;0.71881754233;0;-6.61;-0.008951026163;-0.018276791326;0.000265745415;0.0906934
2020-04-04T00:00:00.000;-0.653743608155;0.296056729569;0.041787870344;0.718871698174;0;-6.61;-0.008433659437;-0.018519985194;0.0002325526;0.096831
2020-04-05T00:00:00.000;-0.661915815629;0.27742131483;0.042003751396;0.718929376249;0;-6.61;-0.007909696888;-0.018748373182;0.000199182321;0.1028898
2020-04-06T00:00:00.000;-0.669560940792;0.258564990211;0.042186184749;0.718990529688;0;-6.61;-0.007379566534;-0.018961777233;0.00016566172;0.108865
2020-04-07T00:00:00.000;-0.676673031872;0.239502823366;0.042335033695;0.719055108834;0;-6.61;-0.006843701153;-0.019160032049;0.000132018039;0.1147519
2020-04-08T00:00:00.000;-0.68324657209;0.220250040814;0.04245018881;0.719123061292;0;-6.61;-0.006302537881;-0.019342985206;0.000098278596;0.1205458
2020-04-09T00:00:00.000;-0.689276483816;0.200822015013;0.042531568014;0.719194331967;0;-6.61;-0.005756517818;-0.019510497274;0.000064470759;0.1262419
2020-04-10T00:00:00.000;-0.694758132332;0.181234251313;0.042579116609;0.719268863125;0;-6.61;-0.005206085618;-0.019662441904;0.00003062192;0.1318358
2020-04-11T00:00:00.000;-0.699687329182;0.161502374835;0.042592807293;0.719346594437;0;-6.61;-0.00465168909;-0.019798705917;-0.000003240526;0.137323
2020-04-12T00:00:00.000;-0.704060335127;0.141642117263;0.042572640149;0.719427463037;0;-6.61;-0.004093778787;-0.01991918937;-0.000037089206;0.1426992
2020-04-13T00:00:00.000;-0.707873862687;0.121669303583;0.042518642612;0.719511403578;0;-6.61;-0.003532807606;-0.020023805613;-0.000070896798;0.1479602
2020-04-14T00:00:00.000;-0.711125078273;0.101599838764;0.042430869402;0.719598348292;0;-6.61;-0.002969230373;-0.020112481329;-0.000104636048;0.1531018
2020-04-15T00:00:00.000;-0.713811603923;0.08144969441;0.042309402452;0.719688227047;0;-6.61;-0.00240350344;-0.020185156568;-0.0001382798;0.1581199
2020-04-16T00:00:00.000;-0.715931518616;0.061234895384;0.042154350791;0.719780967414;0;-6.61;-0.00183608428;-0.020241784757;-0.000171801014;0.1630106
2020-04-17T00:00:00.000;-0.717483359196;0.040971506433;0.041965850417;0.719876494729;0;-6.61;-0.001267431076;-0.020282332705;-0.000205172796;0.1677702
2020-04-18T00:00:00.000;-0.718466120874;0.020675618806;0.041744064145;0.71997473216;0;-6.61;-0.000698002321;-0.02030678059;-0.000238368415;0.1723949
2020-04-19T00:00:00.000;-0.718879257344;0.000363336895;0.041489181425;0.720075600773;0;-6.61;-0.000128256416;-0.02031512194;-0.000271361329;0.1768812
2020-04-20T00:00:00.000;-0.718722680485;-0.019949235094;0.041201418146;0.720179019607;0;-6.61;0.000441348731;-0.020307363591;-0.000304125208;0.1812256
2020-04-21T00:00:00.000;-0.71799675967;-0.040246006426;0.040881016413;0.720284905737;0;-6.6;0.001010356101;-0.020283525639;-0.000336633955;0.1854247
2020-04-22T00:00:00.000;-0.716702320681;-0.060510913072;0.040528244303;0.720393174354;0;-6.6;0.00157830996;-0.020243641383;-0.000368861727;0.1894754
2020-04-23T00:00:00.000;-0.714840644232;-0.080727930868;0.040143395596;0.720503738837;0;-6.6;0.002144756244;-0.020187757244;-0.00040078296;0.1933746
2020-04-24T00:00:00.000;-0.712413464101;-0.100881088601;0.039726789493;0.720616510824;0;-6.6;0.002709242946;-0.020115932683;-0.000432372385;0.1971193
2020-04-25T00:00:00.000;-0.709422964881;-0.120954480998;0.039278770303;0.720731400295;0;-6.6;0.003271320502;-0.020028240104;-0.000463605053;0.2007068
2020-04-26T00:00:00.000;-0.705871779356;-0.140932281619;0.038799707118;0.720848315644;0;-6.6;0.00383054216;-0.019924764742;-0.000494456353;0.2041344
2020-04-27T00:00:00.000;-0.701762985497;-0.160798755623;0.038289993464;0.720967163762;0;-6.6;0.004386464355;-0.019805604546;-0.000524902033;0.2073994
2020-04-28T00:00:00.000;-0.69710010309;-0.180538272421;0.03775004693;0.721087850112;0;-6.6;0.004938647074;-0.019670870042;-0.000554918217;0.2104996
2020-04-29T00:00:00.000;-0.691887090012;-0.200135318182;0.037180308786;0.721210278816;0;-6.6;0.005486654212;-0.019520684197;-0.000584481427;0.2134327
2020-04-30T00:00:00.000;-0.686128338137;-0.219574508199;0.036581243571;0.721334352728;0;-6.6;0.00603005393;-0.019355182262;-0.0006135686;0.2161965
2020-05-01T00:00:00.000;-0.679828668901;-0.23884059909;0.035953338678;0.721459973522;0;-6.6;0.006568419;-0.019174511611;-0.000642157102;0.2187891
2020-05-02T00:00:00.000;-0.67299332852;-0.257918500839;0.035297103904;0.721587041771;0;-6.6;0.007101327141;-0.018978831569;-0.000670224752;0.2212086
2020-05-03T00:00:00.000;-0.665627982878;-0.276793288651;0.034613071;0.72171545703;0;-6.6;0.007628361356;-0.018768313227;-0.000697749834;0.2234534
2020-05-04T00:00:00.000;-0.657738712075;-0.295450214629;0.033901793191;0.721845117922;0;-6.6;0.008149110254;-0.018543139253;-0.000724711115;0.2255219
2020-05-05T00:00:00.000;-0.649332004666;-0.313874719249;0.033163844687;0.721975922218;0;-6.59;0.008663168369;-0.018303503693;-0.000751087858;0.2274127
2020-05-06T00:00:00.000;-0.64041475158;-0.332052442633;0.03239982018;0.722107766921;0;-6.59;0.009170136468;-0.018049611758;-0.000776859841;0.2291246
2020-05-07T00:00:00.000;-0.630994239731;-0.349969235611;0.031610334323;0.722240548352;0;-6.59;0.009669621853;-0.017781679614;-0.000802007367;0.2306564
2020-05-08T00:00:00.000;-0.621078145344;-0.367611170558;0.030796021194;0.722374162235;0;-6.59;0.010161238656;-0.017499934151;-0.000826511283;0.2320071
2020-05-09T00:00:00.000;-0.610674526976;-0.384964552009;0.02995753375;0.722508503776;0;-6.59;0.010644608119;-0.017204612757;-0.000850352988;0.233176
2020-05-10T00:00:00.000;-0.599791818269;-0.402015927031;0.029095543266;0.722643467754;0;-6.59;0.011119358875;-0.016895963077;-0.000873514448;0.2341625
2020-05-11T00:00:00.000;-0.588438820425;-0.418752095367;0.028210738762;0.722778948599;0;-6.59;0.011585127212;-0.016574242765;-0.000895978208;0.2349658
2020-05-12T00:00:00.000;-0.576624694419;-0.435160119311;0.027303826417;0.722914840483;0;-6.59;0.012041557333;-0.01623971924;-0.000917727405;0.2355858
2020-05-13T00:00:00.000;-0.564358952962;-0.451227333349;0.026375528977;0.723051037395;0;-6.59;0.012488301608;-0.015892669419;-0.000938745776;0.2360221
2020-05-14T00:00:00.000;-0.551651452207;-0.466941353529;0.025426585143;0.723187433235;0;-6.59;0.012925020811;-0.015533379463;-0.00095901767;0.2362747
2020-05-15T00:00:00.000;-0.538512383234;-0.482290086562;0.024457748956;0.723323921889;0;-6.59;0.013351384357;-0.015162144502;-0.000978528058;0.2363435
2020-05-16T00:00:00.000;-0.524952263294;-0.497261738663;0.023469789176;0.723460397313;0;-6.59;0.013767070521;-0.014779268363;-0.000997262541;0.2362289
2020-05-17T00:00:00.000;-0.510981926842;-0.511844824106;0.022463488639;0.723596753617;0;-6.59;0.014171766654;-0.014385063293;-0.001015207359;0.2359311
2020-05-18T00:00:00.000;-0.496612516357;-0.5260281735;0.02143964362;0.723732885143;0;-6.58;0.014565169387;-0.013979849675;-0.0010323494;0.2354506
2020-05-19T00:00:00.000;-0.481855472964;-0.539800941788;0.020399063177;0.723868686544;0;-6.58;0.014946984828;-0.01356395574;-0.001048676205;0.234788
2020-05-20T00:00:00.000;-0.466722526863;-0.553152615945;0.019342568501;0.724004052865;0;-6.58;0.015316928745;-0.01313771728;-0.001064175978;0.2339441
2020-05-21T00:00:00.000;-0.451225687582;-0.566073022393;0.018270992241;0.724138879616;0;-6.58;0.015674726748;-0.012701477347;-0.001078837588;0.2329197
2020-05-22T00:00:00.000;-0.435377234045;-0.578552334114;0.017185177843;0.724273062851;0;-6.58;0.01602011445;-0.012255585964;-0.00109265058;0.2317158
2020-05-23T00:00:00.000;-0.419189704497;-0.590581077471;0.01608597887;0.724406499239;0;-6.58;0.016352837632;-0.011800399821;-0.001105605176;0.2303336
2020-05-24T00:00:00.000;-0.402675886253;-0.602150138723;0.014974258323;0.724539086141;0;-6.58;0.016672652386;-0.01133628197;-0.001117692278;0.2287743
2020-05-25T00:00:00.000;-0.385848805322;-0.613250770234;0.013850887956;0.724670721679;0;-6.58;0.01697932526;-0.010863601526;-0.001128903478;0.2270394
2020-05-26T00:00:00.000;-0.368721715881;-0.623874596388;0.012716747586;0.724801304807;0;-6.58;0.017272633386;-0.010382733358;-0.001139231056;0.2251302
2020-05-27T00:00:00.000;-0.351308089635;-0.634013619183;0.011572724405;0.724930735382;0;-6.58;0.017552364602;-0.009894057782;-0.001148667985;0.2230484
2020-05-28T00:00:00.000;-0.333621605046;-0.643660223526;0.010419712287;0.725058914232;0;-6.58;0.017818317563;-0.00939796025;-0.001157207932;0.2207959
2020-05-29T00:00:00.000;-0.315676136469;-0.652807182217;0.009258611086;0.72518574322;0;-6.58;0.01807030185;-0.008894831045;-0.001164845261;0.2183743
2020-05-30T00:00:00.000;-0.297485743179;-0.66144766062;0.008090325946;0.725311125317;0;-6.57;0.01830813806;-0.008385064964;-0.001171575037;0.2157857
2020-05-31T00:00:00.000;-0.279064658307;-0.669575221024;0.006915766597;0.725434964662;0;-6.57;0.018531657891;-0.007869061012;-0.001177393019;0.2130322
2020-06-01T00:00:00.000;-0.260427277702;-0.677183826696;0.005735846659;0.725557166629;0;-6.57;0.018740704226;-0.007347222088;-0.001182295667;0.210116
2020-06-02T00:00:00.000;-0.241588148709;-0.684267845615;0.004551482944;0.725677637892;0;-6.57;0.018935131197;-0.006819954674;-0.001186280142;0.2070393
2020-06-03T00:00:00.000;-0.222561958894;-0.690822053908;0.003363594753;0.725796286489;0;-6.57;0.019114804244;-0.006287668525;-0.001189344298;0.2038047
2020-06-04T00:00:00.000;-0.203363524702;-0.696841638957;0.002173103186;0.725913021884;0;-6.57;0.019279600172;-0.005750776356;-0.001191486691;0.2004145
2020-06-05T00:00:00.000;-0.184007780078;-0.702322202212;0.000980930437;0.72602775503;0;-6.57;0.01942940719;-0.005209693535;-0.001192706567;0.1968715
2020-06-06T00:00:00.000;-0.164509765035;-0.707259761684;-0.000212000891;0.726140398431;0;-6.57;0.019564124952;-0.004664837768;-0.001193003869;0.1931784
2020-06-07T00:00:00.000;-0.144884614205;-0.711650754134;-0.001404768484;0.726250866208;0;-6.57;0.019683664577;-0.004116628797;-0.001192379229;0.189338
2020-06-08T00:00:00.000;-0.125147545355;-0.715492036951;-0.002596451002;0.726359074154;0;-6.57;0.019787948676;-0.00356548809;-0.001190833963;0.1853533
2020-06-09T00:00:00.000;-0.105313847893;-0.718780889723;-0.003786128765;0.726464939801;0;-6.57;0.01987691136;-0.003011838531;-0.001188370076;0.1812273
2020-06-10T00:00:00.000;-0.085398871363;-0.721515015507;-0.004972884437;0.726568382474;0;-6.57;0.019950498245;-0.002456104121;-0.001184990248;0.1769632
2020-06-11T00:00:00.000;-0.065418013943;-0.723692541789;-0.006155803701;0.726669323357;0;-6.57;0.02000866645;-0.001898709673;-0.001180697836;0.1725643
2020-06-12T00:00:00.000;-0.045386710947;-0.725312021147;-0.007333975931;0.726767685546;0;-6.57;0.020051384584;-0.001340080507;-0.001175496868;0.168034
2020-06-13T00:00:00.000;-0.02532042334;-0.72637243161;-0.008506494864;0.726863394109;0;-6.57;0.020078632732;-0.000780642156;-0.001169392036;0.1633756
2020-06-14T00:00:00.000;-0.005234626276;-0.726873176717;-0.009672459257;0.726956376141;0;-6.56;0.020090402427;-0.000220820066;-0.001162388692;0.1585928
2020-06-15T00:00:00.000;0.014855202334;-0.726814085287;-0.010830973549;0.727046560817;0;-6.56;0.020086696619;0.000338960704;-0.001154492843;0.1536892
2020-06-16T00:00:00.000;0.034933593219;-0.726195410883;-0.011981148508;0.727133879448;0;-6.56;0.020067529638;0.000898275765;-0.001145711141;0.1486686
2020-06-17T00:00:00.000;0.054985097113;-0.725017830996;-0.013122101876;0.727218265532;0;-6.56;0.020032927148;0.0014567017;-0.001136050882;0.1435347
2020-06-18T00:00:00.000;0.074994296053;-0.723282445931;-0.014252959007;0.7272996548;0;-6.56;0.019982926095;0.002013816345;-0.001125519993;0.1382915
2020-06-19T00:00:00.000;0.094945814641;-0.720990777409;-0.015372853497;0.727377985267;0;-6.56;0.019917574648;0.002569199077;-0.001114127029;0.132943
2020-06-20T00:00:00.000;0.114824331234;-0.718144766884;-0.016480927808;0.727453197277;0;-6.56;0.019836932139;0.003122431098;-0.001101881164;0.1274933
2020-06-21T00:00:00.000;0.134614589067;-0.714746773578;-0.01757633388;0.727525233544;0;-6.56;0.019741068987;0.003673095716;-0.001088792182;0.1219464
2020-06-22T00:00:00.000;0.154301407309;-0.710799572238;-0.01865823374;0.727594039198;0;-6.56;0.019630066625;0.00422077862;-0.00107487047;0.1163066
2020-06-23T00:00:00.000;0.173869692031;-0.706306350613;-0.019725800101;0.727659561823;0;-6.56;0.019504017416;0.004765068157;-0.001060127011;0.1105782
2020-06-24T00:00:00.000;0.193304447097;-0.701270706665;-0.020778216949;0.727721751491;0;-6.56;0.019363024568;0.005305555601;-0.00104457337;0.1047656
2020-06-25T00:00:00.000;0.212590784959;-0.695696645505;-0.021814680129;0.727780560805;0;-6.56;0.019207202035;0.005841835425;-0.001028221692;0.0988731
2020-06-26T00:00:00.000;0.231713937352;-0.68958857606;-0.022834397909;0.727835944924;0;-6.56;0.019036674421;0.006373505566;-0.001011084687;0.0929052
2020-06-27T00:00:00.000;0.250659265899;-0.682951307479;-0.02383659155;0.727887861601;0;-6.56;0.018851576873;0.006900167684;-0.00099317562;0.0868664
2020-06-28T00:00:00.000;0.269412272593;-0.675790045282;-0.024820495853;0.727936271209;0;-6.56;0.018652054975;0.007421427425;-0.000974508308;0.0807613
2020-06-29T00:00:00.000;0.287958610178;-0.668110387243;-0.025785359703;0.72798113677;0;-6.56;0.018438264624;0.007936894674;-0.000955097101;0.0745944
2020-06-30T00:00:00.000;0.306284092404;-0.659918319025;-0.026730446602;0.728022423982;0;-6.56;0.018210371919;0.00844618381;-0.000934956878;0.0683705
2020-07-01T00:00:00.000;0.324374704164;-0.651220209563;-0.027655035185;0.728060101239;0;-6.56;0.017968553026;0.008948913952;-0.000914103033;0.0620942
2020-07-02T00:00:00.000;0.342216611496;-0.642022806198;-0.02855841974;0.728094139655;0;-6.56;0.017712994054;0.009444709209;-0.000892551464;0.0557703
2020-07-03T00:00:00.000;0.359796171459;-0.63233322957;-0.029439910696;0.728124513086;0;-6.56;0.017443890913;0.009933198917;-0.000870318565;0.0494035
2020-07-04T00:00:00.000;0.377099941866;-0.622158968266;-0.030298835123;0.728151198144;0;-6.56;0.017161449177;0.010414017882;-0.000847421211;0.0429986
2020-07-05T00:00:00.000;0.394114690873;-0.611507873238;-0.031134537197;0.728174174219;0;-6.56;0.016865883937;0.010886806613;-0.000823876748;0.0365604
2020-07-06T00:00:00.000;0.410827406418;-0.600388151978;-0.031946378673;0.728193423487;0;-6.56;0.016557419649;0.011351211556;-0.000799702981;0.0300938
2020-07-07T00:00:00.000;0.427225305519;-0.588808362473;-0.032733739336;0.728208930929;0;-6.56;0.016236289982;0.011806885316;-0.000774918161;0.0236036
2020-07-08T00:00:00.000;0.443295843393;-0.576777406928;-0.033496017438;0.728220684337;0;-6.56;0.015902737653;0.01225348689;-0.000749540974;0.0170947
2020-07-09T00:00:00.000;0.459026722436;-0.564304525266;-0.034232630132;0.728228674327;0;-6.56;0.015557014267;0.012690681882;-0.000723590528;0.010572
2020-07-10T00:00:00.000;0.474405901018;-0.551399288414;-0.034943013883;0.728232894343;0;-6.56;0.015199380145;0.013118142718;-0.000697086341;0.0040404
2020-07-11T00:00:00.000;0.489421602116;-0.53807159137;-0.035626624872;0.728233340666;0;-6.56;0.014830104152;0.013535548867;-0.000670048327;-0.0024951
2020-07-12T00:00:00.000;0.504062321769;-0.524331646058;-0.036282939389;0.728230012411;0;-6.56;0.01444946352;0.013942587044;-0.000642496782;-0.0090298
2020-07-13T00:00:00.000;0.518316837351;-0.510189973979;-0.036911454205;0.728222911533;0;-6.56;0.01405774366;0.014338951416;-0.000614452374;-0.0155586
2020-07-14T00:00:00.000;0.532174215663;-0.495657398654;-0.037511686938;0.728212042824;0;-6.56;0.013655237982;0.014724343809;-0.000585936126;-0.0220766
2020-07-15T00:00:00.000;0.545623820834;-0.480745037874;-0.038083176401;0.728197413911;0;-6.56;0.013242247701;0.015098473898;-0.000556969405;-0.028579
2020-07-16T00:00:00.000;0.558655322029;-0.465464295743;-0.038625482943;0.728179035248;0;-6.56;0.012819081644;0.015461059407;-0.000527573905;-0.0350609
2020-07-17T00:00:00.000;0.571258700958;-0.449826854543;-0.039138188761;0.728156920112;0;-6.56;0.012386056045;0.015811826296;-0.000497771638;-0.0415173
2020-07-18T00:00:00.000;0.583424259189;-0.4338446664;-0.039620898217;0.728131084592;0;-6.56;0.011943494349;0.016150508949;-0.000467584912;-0.0479434
2020-07-19T00:00:00.000;0.59514262525;-0.417529944772;-0.040073238127;0.728101547578;0;-6.56;0.011491727001;0.016476850349;-0.000437036326;-0.0543344
2020-07-20T00:00:00.000;0.606404761527;-0.400895155756;-0.040494858041;0.728068330749;0;-6.56;0.011031091233;0.016790602264;-0.000406148746;-0.0606855
2020-07-21T00:00:00.000;0.617201970941;-0.383953009225;-0.040885430504;0.728031458561;0;-6.56;0.010561930851;0.017091525412;-0.000374945297;-0.0669918
2020-07-22T00:00:00.000;0.627525903414;-0.366716449784;-0.04124465131;0.727990958226;0;-6.56;0.010084596013;0.017379389634;-0.000343449344;-0.0732487
2020-07-23T00:00:00.000;0.63736856211;-0.349198647572;-0.041572239731;0.727946859701;0;-6.56;0.00959944301;0.017653974055;-0.00031168448;-0.0794513
2020-07-24T00:00:00.000;0.646722309452;-0.331412988894;-0.04186793874;0.727899195662;0;-6.56;0.009106834032;0.017915067246;-0.000279674508;-0.0855949
2020-07-25T00:00:00.000;0.655579872909;-0.313373066698;-0.04213151521;0.727848001487;0;-6.56;0.008607136939;0.018162467375;-0.000247443426;-0.091675
2020-07-26T00:00:00.000;0.663934350547;-0.295092670904;-0.042362760105;0.727793315236;0;-6.56;0.008100725029;0.018395982362;-0.000215015412;-0.0976869
2020-07-27T00:00:00.000;0.671779216347;-0.276585778577;-0.04256148865;0.727735177618;0;-6.56;0.007587976792;0.01861543002;-0.000182414809;-0.103626
2020-07-28T00:00:00.000;0.679108325277;-0.257866543965;-0.042727540488;0.727673631976;0;-6.56;0.007069275672;0.018820638197;-0.000149666108;-0.1094879
2020-07-29T00:00:00.000;0.685915918123;-0.238949288395;-0.04286077982;0.72760872425;0;-6.56;0.006545009818;0.019011444912;-0.00011679393;-0.1152679
2020-07-30T00:00:00.000;0.692196626066;-0.219848490037;-0.042961095527;0.727540502953;0;-6.56;0.006015571833;0.019187698484;-0.000083823013;-0.1209617
2020-07-31T00:00:00.000;0.697945475016;-0.200578773538;-0.043028401281;0.727469019138;0;-6.56;0.00548135852;0.01934925766;-0.000050778195;-0.126565
2020-08-01T00:00:00.000;0.703157889673;-0.181154899539;-0.043062635633;0.727394326362;0;-6.56;0.004942770623;0.019495991732;-0.000017684394;-0.1320734
2020-08-02T00:00:00.000;0.707829697348;-0.161591754068;-0.043063762085;0.727316480657;0;-6.56;0.004400212566;0.019627780653;0.000015433404;-0.1374826
2020-08-03T00:00:00.000;0.711957131501;-0.141904337826;-0.043031769156;0.727235540486;0;-6.56;0.003854092185;0.019744515145;0.000048550163;-0.1427885
2020-08-04T00:00:00.000;0.715536835027;-0.122107755364;-0.042966670412;0.727151566708;0;-6.56;0.003304820461;0.019846096803;0.000081640818;-0.147987
2020-08-05T00:00:00.000;0.718565863259;-0.102217204164;-0.042868504498;0.727064622538;0;-6.56;0.002752811248;0.019932438192;0.000114680287;-0.1530741
2020-08-06T00:00:00.000;0.721041686707;-0.082247963619;-0.042737335138;0.726974773499;0;-6.56;0.002198480994;0.020003462939;0.00014764349;-0.1580457
2020-08-07T00:00:00.000;0.722962193512;-0.062215383931;-0.042573251132;0.726882087382;0;-6.57;0.001642248466;0.020059105815;0.000180505367;-0.162898
2020-08-08T00:00:00.000;0.72432569162;-0.042134874925;-0.042376366318;0.726786634198;0;-6.57;0.001084534462;0.020099312819;0.000213240895;-0.1676271
2020-08-09T00:00:00.000;0.725130910679;-0.022021894785;-0.042146819535;0.726688486127;0;-6.57;0.000525761532;0.020124041247;0.000245825105;-0.1722295
2020-08-10T00:00:00.000;0.725377003639;-0.001891938725;-0.041884774557;0.726587717471;0;-6.57;-0.000033646316;0.020133259758;0.000278233098;-0.1767014
2020-08-11T00:00:00.000;0.72506354807;0.018239472408;-0.04159042001;0.726484404603;0;-6.57;-0.000593263901;0.020126948434;0.000310440067;-0.1810393
2020-08-12T00:00:00.000;0.724190547186;0.038356803582;-0.04126396928;0.726378625907;0;-6.57;-0.001152665169;0.020105098837;0.000342421311;-0.1852398
2020-08-13T00:00:00.000;0.722758430568;0.058444517082;-0.040905660389;0.726270461733;0;-6.57;-0.001711423486;0.020067714047;0.000374152252;-0.1892994
2020-08-14T00:00:00.000;0.7207680546;0.078487084053;-0.04051575587;0.726159994332;0;-6.57;-0.002269111939;0.020014808709;0.000405608457;-0.1932151
2020-08-15T00:00:00.000;0.718220702595;0.098468996077;-0.04009454261;0.726047307805;0;-6.57;-0.002825303635;0.01994640906;0.000436765652;-0.1969836
2020-08-16T00:00:00.000;0.71511808462;0.11837477678;-0.03964233168;0.725932488039;0;-6.57;-0.003379572007;0.019862552957;0.000467599742;-0.2006018
2020-08-17T00:00:00.000;0.711462337023;0.138188993463;-0.039159458155;0.725815622648;0;-6.57;-0.003931491122;0.019763289894;0.000498086825;-0.2040669
2020-08-18T00:00:00.000;0.707256021639;0.15789626874;-0.0386462809;0.725696800912;0;-6.57;-0.004480635985;0.01964868101;0.000528203218;-0.207376
2020-08-19T00:00:00.000;0.702502124701;0.17748129219;-0.038103182354;0.725576113714;0;-6.57;-0.005026582855;0.019518799092;0.000557925466;-0.2105264
2020-08-20T00:00:00.000;0.697204055428;0.196928832001;-0.037530568284;0.725453653471;0;-6.57;-0.005568909552;0.019373728572;0.000587230366;-0.2135155
2020-08-21T00:00:00.000;0.69136564431;0.216223746608;-0.036928867529;0.725329514073;0;-6.57;-0.006107195774;0.019213565507;0.000616094982;-0.2163407
2020-08-22T00:00:00.000;0.684991141066;0.235350996308;-0.036298531723;0.725203790811;0;-6.58;-0.006641023413;0.019038417565;0.000644496665;-0.2189998
2020-08-23T00:00:00.000;0.6780852123;0.254295654858;-0.035640034999;0.72507658031;0;-6.58;-0.007169976868;0.018848403989;0.000672413067;-0.2214905
2020-08-24T00:00:00.000;0.670652938829;0.273042921027;-0.034953873677;0.724947980457;0;-6.58;-0.007693643367;0.018643655557;0.000699822164;-0.2238107
2020-08-25T00:00:00.000;0.662699812701;0.291578130118;-0.034240565935;0.724818090332;0;-6.58;-0.008211613281;0.018424314542;0.000726702271;-0.2259583
2020-08-26T00:00:00.000;0.654231733886;0.30988676542;-0.033500651458;0.724687010132;0;-6.58;-0.008723480446;0.018190534646;0.000753032058;-0.2279315
2020-08-27T00:00:00.000;0.645255006655;0.327954469623;-0.032734691077;0.724554841098;0;-6.58;-0.009228842481;0.017942480943;0.000778790571;-0.2297286